id,EAP,HPL,MWS
id02310,0.0232759,0.0189495,0.957775
id24541,0.998589,0.000819112,0.000592142
id00134,0.0638493,0.931994,0.0041564
id27757,0.999885,8.43765e-05,3.09179e-05
id04081,0.796019,0.168754,0.0352269
id27337,0.987083,0.00970125,0.00321546
id24265,0.6817,0.300391,0.0179091
id25917,0.0971194,0.0971194,0.805761
id04951,0.99991,4.12325e-05,4.91358e-05
id14549,0.86719,0.0095725,0.123238
id22505,0.0542688,0.0373985,0.908333
id24002,8.3981e-05,0.999899,1.75138e-05
id18982,0.0152272,0.974977,0.00979546
id15181,0.000515519,0.999372,0.000112818
id21888,0.986206,0.00640229,0.00739181
id12035,0.012407,0.00337484,0.984218
id17991,0.991741,0.00441136,0.00384815
id10707,0.998915,0.000659767,0.000425606
id07101,0.01855,0.0172923,0.964158
id00345,0.00236367,0.997218,0.000418132
id05912,0.966415,0.0255479,0.00803692
id13443,0.997994,0.00122955,0.000776448
id09248,0.111514,0.0397873,0.848699
id17542,0.603688,0.300648,0.0956633
id06995,0.000654863,0.000536956,0.998808
id25159,0.559465,0.142125,0.29841
id25729,0.02594,0.939759,0.0343014
id26949,0.91592,0.0597574,0.0243223
id27191,0.00531874,0.00524235,0.989439
id07668,0.00281977,0.00129362,0.995887
id02230,0.0140657,0.0140657,0.971869
id15553,0.976891,0.0131087,0.0100005
id25688,0.0137429,0.977031,0.00922636
id17545,0.823793,0.159647,0.0165605
id13929,0.0853459,0.0853459,0.829308
id12880,0.00229427,0.996982,0.000723913
id19282,0.858974,0.0903945,0.0506309
id14690,0.000575862,0.000575862,0.998848
id17975,0.000693458,0.999071,0.000235823
id08037,0.99905,0.000393849,0.000555674
id15412,0.0762244,0.0762244,0.847551
id25032,0.799578,0.0594339,0.140988
id27165,0.999924,3.01254e-05,4.53676e-05
id03327,0.119533,0.841464,0.0390034
id18515,0.998192,0.000748009,0.00106013
id21003,0.0369263,0.0369263,0.926147
id23855,0.000954035,0.998681,0.000365138
id20724,0.29858,0.652278,0.0491428
id13303,0.996319,0.00210064,0.00158041
id16521,0.0436449,0.875152,0.0812031
id20775,0.99854,0.000571817,0.000888536
id13029,0.996972,0.00222687,0.000801364
id14660,0.196655,0.794001,0.00934386
id11028,0.00288881,0.00267146,0.99444
id14180,0.999258,0.000495471,0.000246391
id25860,0.990589,0.00738577,0.00202565
id11910,0.0177716,0.0161284,0.9661
id08065,0.00537438,0.00537438,0.989251
id22674,0.00529489,0.00529489,0.98941
id25018,0.0343636,0.00626476,0.959372
id10892,0.01237,0.98071,0.00692027
id10217,0.00153867,0.998192,0.000269416
id12996,0.0102494,0.0080102,0.98174
id18262,0.998976,0.000600408,0.000424085
id08606,0.000507542,0.999358,0.000133933
id17233,0.984141,0.00948473,0.00637456
id00101,0.223153,0.757271,0.0195769
id12225,0.603991,0.0386506,0.357358
id01364,0.000827221,0.99885,0.000323268
id24973,0.420307,0.123188,0.456505
id25363,0.999509,0.000246361,0.000245129
id10061,0.0145072,0.00946557,0.976027
id17673,0.0154623,0.974303,0.0102349
id13249,0.95699,0.0231305,0.0198792
id10107,0.00127163,0.00127163,0.997457
id04403,0.9486,0.0499914,0.0014086
id25728,0.981322,0.0118582,0.00682016
id16184,0.0970274,0.584286,0.318687
id03438,0.000568066,0.000568066,0.998864
id22923,1.67042e-05,0.999981,1.98409e-06
id08610,0.988204,0.0036638,0.00813254
id25355,0.0485554,0.016573,0.934872
id16916,0.291369,0.650411,0.0582199
id12793,0.000641826,0.9992,0.000158535
id11859,0.00291727,0.00173512,0.995348
id02434,0.993076,0.00567335,0.00125059
id27703,0.00281709,0.00281709,0.994366
id25212,0.00548405,0.991593,0.00292308
id11308,0.0155869,0.0140506,0.970362
id26094,0.992817,0.00353722,0.00364596
id22080,0.990595,0.0070325,0.00237204
id03545,0.974943,0.018975,0.00608258
id23725,0.00288751,0.00288751,0.994225
id12009,0.995805,0.00170457,0.00249006
id24241,0.0477444,0.0477444,0.904511
id03596,0.00121427,0.99845,0.000336004
id10749,0.00498835,0.992034,0.00297777
id22794,0.00492138,0.00492138,0.990157
id15482,0.0118588,0.984784,0.00335711
id04833,0.0313813,0.929508,0.0391107
id00397,0.00981026,0.00981026,0.98038
id14691,0.00711216,0.00711216,0.985776
id05193,0.00396117,0.00396117,0.992078
id19541,0.158909,0.833383,0.00770831
id22166,0.000363837,0.000363837,0.999272
id20744,0.000557826,0.000557826,0.998884
id10392,0.0113704,0.0113704,0.977259
id00770,0.999606,0.000178041,0.000216374
id06018,0.988585,0.00919617,0.00221868
id15678,0.995444,0.00238844,0.0021675
id08305,0.703651,0.231691,0.0646579
id08903,0.139736,0.139736,0.720529
id14752,0.907648,0.0844702,0.0078817
id12468,0.000153913,0.999818,2.85854e-05
id05085,0.999156,0.000533939,0.000310413
id21993,0.121222,0.00519203,0.873586
id15503,0.332434,0.639858,0.0277082
id03021,0.0143218,0.979723,0.00595472
id16123,0.999513,0.000375038,0.000111623
id19383,0.996576,0.00242176,0.00100192
id04186,0.990816,0.00434546,0.0048381
id17954,0.00102536,0.000850681,0.998124
id12030,0.0294065,0.0203646,0.950229
id13020,0.993399,0.00465669,0.00194443
id25327,0.0216382,0.951306,0.0270556
id16344,0.0253028,0.0253028,0.949394
id12303,0.00355954,0.995926,0.000514067
id15017,0.993248,0.00332784,0.00342374
id22308,0.00504369,0.00504369,0.989913
id06536,0.0001695,0.0001695,0.999661
id19797,0.043681,0.912486,0.0438335
id06332,0.998983,0.000587972,0.000428901
id22941,0.46595,0.35498,0.17907
id13547,0.00724947,0.00724947,0.985501
id06928,0.00286554,0.00176399,0.99537
id12521,0.991621,0.00596555,0.00241375
id25716,0.984458,0.0027622,0.0127798
id27116,0.00286127,0.0025934,0.994545
id19941,0.00288444,0.99628,0.000835933
id05711,0.000253016,0.000253016,0.999494
id02097,0.0009779,0.0009779,0.998044
id03563,0.00175965,0.997648,0.000592176
id02295,0.0765608,0.905628,0.0178111
id08179,0.998409,0.000934728,0.00065582
id05332,0.0350427,0.957238,0.00771955
id15697,0.92385,0.060851,0.0152986
id17026,0.00378172,0.00192912,0.994289
id04243,0.0339626,0.963268,0.00276906
id13175,0.999876,8.38466e-05,4.00512e-05
id05387,0.984556,0.0107287,0.00471523
id19989,0.99831,0.000855395,0.000834172
id25173,0.0457589,0.0451137,0.909127
id08925,0.0688954,0.906634,0.0244707
id03034,0.0168258,0.977816,0.00535818
id13272,0.000421782,0.999481,9.721e-05
id07956,0.998384,0.000979463,0.000636388
id02648,0.0170193,0.0157015,0.967279
id01778,0.00858675,0.00371411,0.987699
id12846,0.000254098,0.000254098,0.999492
id19001,0.0397936,0.0190083,0.941198
id05763,0.00213152,0.00125054,0.996618
id15590,0.000979653,0.000979653,0.998041
id04912,0.969099,0.0213346,0.00956686
id21201,0.922592,0.0508932,0.0265149
id13215,0.994756,0.00293118,0.0023129
id15612,0.000512943,0.999327,0.000160492
id18501,0.00232175,0.00232175,0.995357
id07223,0.268505,0.632586,0.0989089
id06707,0.1815,0.0281054,0.790394
id05238,0.000191353,0.999782,2.6786e-05
id00935,0.05241,0.05241,0.89518
id00110,0.991948,0.00192664,0.00612491
id17476,0.994437,0.00446368,0.00109883
id15170,0.992727,0.00306429,0.00420873
id13397,0.0303484,0.953826,0.0158259
id24283,0.500878,0.157061,0.342061
id15234,0.976279,0.0142792,0.00944173
id16884,0.00925148,0.988162,0.00258631
id07831,0.201211,0.740316,0.0584727
id16038,0.991787,0.00664889,0.00156356
id03629,0.997978,0.00120224,0.000819612
id21019,0.516199,0.141557,0.342244
id21835,0.974923,0.0151596,0.00991699
id04480,0.00274707,0.996663,0.000589833
id20838,0.000221929,0.999701,7.68211e-05
id24195,0.100934,0.100138,0.798927
id05448,0.0285739,0.95419,0.0172365
id15957,0.108015,0.881098,0.0108874
id19956,0.00211027,0.00211027,0.99578
id15104,0.0244021,0.0244021,0.951196
id17559,0.900727,0.0696103,0.0296624
id16839,0.0179722,0.0132182,0.96881
id14493,0.958139,0.0299995,0.0118612
id08833,0.999189,0.000352485,0.000458588
id15723,0.020256,0.015177,0.964567
id02716,0.994569,0.00133559,0.004095
id06689,0.00509143,0.993555,0.0013539
id18837,0.0348017,0.00622024,0.958978
id04466,0.999833,0.000115231,5.20389e-05
id00686,0.988556,0.00924992,0.00219412
id09010,0.009204,0.989475,0.00132075
id23353,0.98035,0.00453263,0.0151174
id00066,0.911757,0.0852186,0.00302402
id15724,0.0587702,0.841519,0.0997112
id23486,0.00986992,0.00553068,0.984599
id22258,0.00391269,0.00391269,0.992175
id02292,0.597681,0.388727,0.0135916
id16356,0.00376459,0.00328493,0.99295
id00235,0.980011,0.00748583,0.012503
id25522,0.00558895,0.00558895,0.988822
id04204,0.00268504,0.996855,0.000459438
id22016,0.903785,0.017056,0.0791585
id06480,0.0683706,0.926187,0.00544252
id08718,0.00435331,0.00435331,0.991293
id05251,0.000587901,0.999303,0.000108745
id03359,0.903212,0.0942988,0.00248942
id16117,0.00103239,0.00103239,0.997935
id17000,9.11466e-05,0.999885,2.36307e-05
id01730,0.000728158,0.999081,0.000190359
id00630,0.734157,0.252238,0.0136048
id18175,0.030788,0.0293386,0.939873
id00907,0.613521,0.256401,0.130078
id18251,0.000440254,0.99945,0.000110243
id25861,0.687223,0.280913,0.0318641
id00398,0.681031,0.231017,0.0879527
id27573,0.996445,0.00285281,0.000701853
id10022,0.00451046,0.992299,0.00319072
id15901,0.000576312,0.000426479,0.998997
id00451,0.00212841,0.00212841,0.995743
id23129,0.00886058,0.986928,0.00421129
id26498,0.109283,0.109283,0.781433
id14741,0.926246,0.0497552,0.0239992
id18453,0.00726504,0.00622584,0.986509
id08309,0.994352,0.00453608,0.00111204
id00320,0.99598,0.00172489,0.00229546
id07688,0.428355,0.144316,0.427329
id01556,0.00884954,0.00884954,0.982301
id00178,0.00103414,0.00103414,0.997932
id18902,0.0109113,0.0109113,0.978178
id27002,0.104931,0.880922,0.0141462
id21418,0.998017,0.000721857,0.0012611
id23018,0.669956,0.239481,0.0905628
id07032,0.933217,0.0158255,0.050957
id16195,0.971762,0.00143811,0.0267998
id11202,0.00118821,0.998384,0.000427417
id09578,0.991193,0.00421941,0.00458794
id26984,0.94501,0.0387982,0.0161914
id19856,6.22188e-05,0.999929,8.77231e-06
id12086,0.932509,0.0109263,0.056565
id12052,0.0154811,0.0117458,0.972773
id17728,0.0870837,0.0870837,0.825833
id24608,0.00362257,0.00362257,0.992755
id21097,0.011068,0.00472011,0.984212
id20179,0.00231694,0.00231694,0.995366
id15144,0.910371,0.0416513,0.0479773
id00206,0.998303,0.000659472,0.0010379
id22285,0.104385,0.239174,0.656441
id06417,0.00634873,0.992623,0.00102846
id00215,0.000126841,0.999815,5.79984e-05
id04201,0.239538,0.0393436,0.721119
id21771,0.97092,0.0208477,0.00823193
id12451,0.0727048,0.820658,0.106637
id14250,0.00505173,0.992274,0.00267405
id03433,0.00226907,0.996573,0.00115801
id03303,0.00735773,0.00469381,0.987948
id25901,0.0423157,0.554098,0.403586
id06945,0.163105,0.722151,0.114744
id05664,0.830712,0.149753,0.0195349
id05741,0.99399,0.00400586,0.00200415
id10652,0.409029,0.0582603,0.532711
id16300,0.998418,0.00117131,0.000410715
id12319,0.991922,0.00473883,0.00333958
id07500,0.000124287,0.999858,1.71933e-05
id12478,0.717974,0.203712,0.0783135
id03076,0.000284411,0.000284411,0.999431
id00969,0.0625359,0.92688,0.0105845
id23636,0.000933325,0.998928,0.000138215
id09791,0.00567649,0.00350444,0.990819
id05680,0.103017,0.860669,0.0363138
id03672,0.00103291,0.998751,0.000215781
id04286,0.0189241,0.964001,0.0170753
id23883,0.00413506,0.00413506,0.99173
id11914,0.199036,0.0770374,0.723927
id20974,0.000335897,0.999519,0.000145212
id26125,0.0018128,0.00071765,0.99747
id15543,0.00714781,0.00714781,0.985704
id19471,0.995102,0.00314153,0.00175596
id11503,0.996394,0.00325836,0.00034772
id09321,0.181878,0.317215,0.500907
id25560,0.000980803,0.000980803,0.998038
id06726,0.109532,0.0789494,0.811518
id05709,0.99952,0.000141664,0.000338003
id09788,0.00480693,0.00480693,0.990386
id05289,0.996715,0.00236721,0.0009175
id11815,0.00563237,0.993416,0.000951933
id22422,0.0896659,0.865914,0.0444198
id25954,0.994107,0.00389526,0.00199806
id13601,0.21638,0.103538,0.680082
id05677,0.999097,0.000281654,0.000620843
id10498,0.000456883,0.999389,0.000154317
id02665,0.0119976,0.972678,0.015324
id10114,0.0424912,0.0424912,0.915018
id26314,0.956561,0.0360896,0.00734985
id21240,0.0177226,0.0122586,0.970019
id15569,0.988634,0.00831911,0.00304708
id25928,0.000787856,0.000624486,0.998588
id22706,0.000170933,0.999777,5.20613e-05
id20877,0.00263418,0.99617,0.00119578
id04318,0.832898,0.0553008,0.111801
id18299,0.871689,0.0697543,0.0585566
id08126,0.00284041,0.00284041,0.994319
id14293,0.00497196,0.00497196,0.990056
id12759,0.996657,0.00237625,0.00096714
id11983,0.906777,0.0615955,0.0316278
id05580,0.00543588,0.00543588,0.989128
id25846,0.0223895,0.975279,0.00233197
id01939,0.00962109,0.00551515,0.984864
id26327,0.291293,0.250767,0.45794
id11068,0.000374015,0.000374015,0.999252
id08404,0.95949,0.0383482,0.00216226
id27189,0.0153022,0.9835,0.00119824
id15119,0.0086691,0.986231,0.00509964
id26525,0.999428,0.000377286,0.000195091
id03618,0.32869,0.646817,0.0244933
id27220,0.999627,0.000121753,0.00025118
id18777,0.0189099,0.0167904,0.9643
id20213,0.852065,0.123683,0.0242525
id20403,0.999813,9.96586e-05,8.72812e-05
id03777,0.00873824,0.00873824,0.982523
id10595,0.000342648,0.999569,8.78795e-05
id13816,0.971997,0.00580781,0.0221955
id05667,0.00020919,0.00020919,0.999582
id24629,0.8473,0.0433578,0.109342
id20398,0.0021912,0.00183717,0.995972
id14108,0.00165527,0.00165527,0.996689
id06196,0.000781486,0.999037,0.000181334
id02800,0.012067,0.975823,0.01211
id18732,0.00100673,0.998534,0.000458819
id11915,0.000672572,0.999148,0.000179526
id09739,0.707992,0.277988,0.0140205
id24672,0.990273,0.00548752,0.00423971
id00414,0.00207485,0.00207485,0.99585
id16307,0.999409,0.00016992,0.000421143
id14043,0.017049,0.0111046,0.971846
id00517,0.00201523,0.00201523,0.99597
id09744,0.965231,0.0320395,0.00272985
id19257,0.982469,0.0141176,0.00341321
id15437,0.0429488,0.954334,0.00271713
id16352,0.0022268,0.00203527,0.995738
id18849,0.0142362,0.00958879,0.976175
id19434,9.81053e-05,0.999889,1.2406e-05
id17928,0.00933643,0.00933643,0.981327
id16896,0.00899218,0.00471271,0.986295
id02135,0.2074,0.382345,0.410254
id15075,0.998773,0.000772302,0.000455233
id27486,0.00673793,0.992899,0.000362681
id19422,0.952781,0.0427444,0.00447503
id09603,0.00340538,0.995783,0.000811966
id02133,0.00814554,0.990653,0.001201
id03441,0.99658,0.00166397,0.00175618
id02398,0.000215586,0.999723,6.16528e-05
id05152,0.000679687,0.000679687,0.998641
id17838,0.00741559,0.00531864,0.987266
id25060,0.979165,0.0162436,0.00459158
id09998,0.0005563,0.0005563,0.998887
id01828,0.793857,0.172243,0.0339008
id25377,0.0149613,0.0149613,0.970078
id22175,0.00110464,0.998719,0.000176741
id02974,0.0305612,0.0305612,0.938878
id26955,0.99753,0.00182029,0.000649904
id21091,0.996342,0.00122956,0.00242848
id12802,0.997539,0.00178509,0.000675941
id07432,0.000299482,0.999636,6.49482e-05
id18749,0.00141707,0.998083,0.000500002
id15030,0.0041721,0.0041721,0.991656
id17155,0.00130917,0.998425,0.000265319
id08128,0.000285421,0.999531,0.000183229
id25706,0.00112328,0.998756,0.000120798
id15645,0.998909,0.000235871,0.000854613
id04943,0.643324,0.347641,0.00903456
id27566,0.00248446,0.00248446,0.995031
id11765,0.242297,0.640813,0.116889
id13783,0.678339,0.224805,0.0968556
id00492,0.000661077,0.000661077,0.998678
id27636,0.00245142,0.00245142,0.995097
id04273,0.990407,0.00449209,0.005101
id02537,0.058572,0.0248167,0.916611
id24349,0.0349616,0.963579,0.00145902
id00023,7.53237e-05,0.999908,1.62064e-05
id23025,0.00896459,0.990677,0.000358572
id08722,0.974891,0.0167381,0.00837086
id02420,0.996314,0.00284707,0.000838616
id10811,0.983624,0.00325291,0.0131232
id04019,0.00019543,0.00019543,0.999609
id18334,0.990346,0.00681084,0.00284335
id16781,0.304884,0.0648317,0.630284
id08773,0.0457503,0.947196,0.00705349
id19214,0.985053,0.00924691,0.00570052
id09589,3.91572e-05,0.999954,7.10305e-06
id24246,0.994288,0.00438802,0.00132362
id23577,0.851087,0.142046,0.00686675
id09305,0.634772,0.108231,0.256997
id16460,0.048346,0.0439118,0.907742
id21115,0.204706,0.0274499,0.767844
id25996,0.761224,0.140605,0.0981706
id02551,0.00100482,0.00100482,0.99799
id19352,0.0113421,0.00817431,0.980484
id03806,0.00135956,0.00135956,0.997281
id26544,0.982301,0.00971515,0.00798422
id18761,0.900039,0.0833815,0.01658
id24148,0.000765413,0.999049,0.000185886
id16095,0.0137049,0.980557,0.00573849
id18442,0.996005,0.00317768,0.000816861
id22596,2.95412e-05,2.95412e-05,0.999941
id23002,0.00211052,0.00211052,0.995779
id04797,0.999061,0.000244209,0.000694817
id06610,0.00553795,0.00553795,0.988924
id16173,0.603282,0.155728,0.24099
id18292,0.000186263,0.000186263,0.999627
id27328,0.993463,0.00168962,0.00484721
id01695,0.000908427,0.998717,0.000374239
id05761,0.996989,0.00146744,0.00154384
id16354,0.971137,0.0175658,0.0112975
id12207,0.0197159,0.961684,0.0185997
id05665,0.0160061,0.01392,0.970074
id01911,0.999606,0.000283562,0.000110861
id19153,0.00558776,0.00107277,0.993339
id10295,0.465698,0.285191,0.249111
id23038,0.723816,0.23864,0.0375443
id23783,0.00185654,0.997827,0.00031614
id27879,0.509108,0.472858,0.0180343
id19190,0.000312491,0.999627,6.04346e-05
id05065,0.939208,0.0174537,0.0433379
id21296,0.000172143,0.999778,4.93938e-05
id13262,0.0151336,0.0151336,0.969733
id10333,0.99946,0.000164082,0.000376047
id16677,0.782063,0.10387,0.114067
id01392,0.0291855,0.0184417,0.952373
id27874,0.96464,0.0252993,0.0100603
id02294,0.0071808,0.990883,0.00193619
id18298,0.0347287,0.0347287,0.930543
id06997,0.968121,0.015887,0.0159915
id05243,0.371047,0.600774,0.0281782
id00860,0.0271862,0.903211,0.0696023
id26681,0.643386,0.337767,0.0188472
id06020,0.0176961,0.0176961,0.964608
id27683,0.631349,0.323387,0.0452642
id17655,0.00713601,0.992656,0.000208088
id08817,0.00348736,0.00236217,0.99415
id11512,0.0115421,0.0115421,0.976916
id00478,0.00127635,0.00127635,0.997447
id02116,0.996804,0.00154766,0.00164876
id06746,0.967665,0.025442,0.0068925
id03863,0.102765,0.583609,0.313626
id01802,0.856148,0.0937411,0.0501105
id11682,0.998061,0.000592224,0.00134705
id04033,0.00125785,0.998281,0.000461098
id09286,0.00211729,0.996253,0.00163002
id12904,0.997242,0.00234569,0.000412186
id07420,0.00193164,0.00193164,0.996137
id22398,0.000411929,0.999482,0.000106288
id00424,0.0042726,0.0042726,0.991455
id20960,0.995301,0.00319613,0.00150229
id10267,0.000135112,0.999851,1.44027e-05
id19330,0.579874,0.0353158,0.38481
id00994,0.000976866,0.998665,0.000358337
id10785,0.535598,0.382339,0.0820627
id00955,0.0527234,0.93915,0.00812705
id09757,0.00014917,0.999799,5.22511e-05
id10030,0.0115493,0.0114795,0.976971
id22952,0.000182795,0.000182795,0.999634
id21955,8.68436e-05,8.68436e-05,0.999826
id07674,0.640002,0.354976,0.00502198
id13760,0.000241777,0.999721,3.71423e-05
id18166,0.99906,0.000727287,0.000212284
id23498,0.945539,0.0353528,0.0191077
id05296,0.994453,0.00457583,0.000971308
id26709,0.997514,0.00149442,0.000991525
id02853,0.996514,0.00167764,0.00180811
id06800,0.505734,0.397934,0.0963312
id14758,0.00454749,0.994076,0.00137611
id12356,0.999004,0.000570707,0.000425352
id21492,0.983921,0.00840768,0.0076716
id27540,0.00900577,0.00813317,0.982861
id07376,0.0223796,0.971903,0.00571731
id15201,0.205859,0.772058,0.0220832
id23388,0.000697238,0.999052,0.000250553
id13923,1.6851e-05,0.999981,2.21164e-06
id00794,9.24956e-05,0.999883,2.40561e-05
id23910,0.00105552,0.00105552,0.997889
id02556,0.0644709,0.0442008,0.891328
id22151,0.00257953,0.996228,0.00119288
id11698,0.299768,0.655616,0.0446164
id11627,0.00697147,0.00697147,0.986057
id06340,0.998105,0.00121134,0.000683885
id05123,0.950905,0.0160396,0.0330557
id26620,3.16447e-05,3.16447e-05,0.999937
id04002,0.00107851,0.00107851,0.997843
id26554,0.148061,0.148061,0.703879
id18012,0.0155331,0.0155331,0.968934
id12964,0.00939479,0.00851498,0.98209
id18965,0.016989,0.117327,0.865684
id19082,0.00331451,0.0031177,0.993568
id26742,0.00439997,0.00439997,0.9912
id15442,0.0825193,0.912553,0.00492767
id16647,0.517747,0.350332,0.131921
id11544,0.0146005,0.0137988,0.971601
id20581,0.0180117,0.0151786,0.96681
id13192,0.991582,0.00230691,0.00611074
id15814,0.174643,0.519055,0.306302
id26279,0.000233917,0.999707,5.86659e-05
id00240,0.989485,0.00514088,0.00537409
id22836,0.995623,0.00171988,0.00265725
id15085,0.00122601,0.998286,0.000487773
id17495,0.89773,0.0302765,0.0719934
id26762,0.0033804,0.0033804,0.993239
id13685,0.999331,0.00025593,0.000413628
id16560,7.34265e-05,0.999908,1.86529e-05
id17184,0.000130328,0.999832,3.72691e-05
id21635,0.999734,0.000166418,9.95782e-05
id26751,0.203351,0.740351,0.0562977
id12351,0.997734,0.0012338,0.00103228
id14872,0.890585,0.0634074,0.0460071
id18372,0.999811,0.000119821,6.89439e-05
id26851,0.630208,0.208058,0.161734
id22659,0.0276603,0.971628,0.000711995
id04102,0.00373357,0.00292402,0.993342
id02353,0.00188459,0.99765,0.000465158
id26721,0.997401,0.0018157,0.000782798
id11171,0.995276,0.00322633,0.00149718
id13562,0.937869,0.0273379,0.0347935
id26425,0.948527,0.0154598,0.0360129
id26394,0.0561635,0.0561635,0.887673
id22187,0.283276,0.627143,0.0895806
id00422,0.999766,0.000172343,6.21272e-05
id22667,0.000491994,0.999362,0.000145994
id00911,0.851728,0.0878432,0.0604289
id17291,0.28924,0.181609,0.529151
id01915,0.794444,0.05711,0.148446
id01434,0.00768816,0.00697182,0.98534
id01584,0.767706,0.118673,0.113621
id09266,0.964276,0.0184796,0.017244
id17494,0.000531128,0.999309,0.000159685
id24919,0.125601,0.495396,0.379003
id21043,0.00807571,0.00503731,0.986887
id17796,0.00011297,0.999868,1.93515e-05
id02166,0.0861826,0.013324,0.900493
id17503,0.984179,0.0120707,0.00375025
id21203,0.98667,0.00482728,0.00850278
id25626,0.999671,0.000218593,0.000110164
id09836,0.995937,0.00357965,0.000483075
id24202,0.0121799,0.0121799,0.97564
id27260,0.124366,0.0546973,0.820936
id23167,0.000232363,0.000232363,0.999535
id10393,3.47496e-05,0.99996,5.51362e-06
id01171,0.98778,0.00865388,0.00356585
id06380,0.987983,0.00738611,0.00463077
id22686,0.0056566,0.00538751,0.988956
id26250,0.0391046,0.00855641,0.952339
id09315,0.000717536,0.999038,0.000244154
id00886,0.00892223,0.986444,0.00463399
id03101,0.957389,0.0282742,0.0143371
id12367,0.997626,0.00071522,0.00165915
id10770,0.976151,0.00439029,0.0194588
id14949,0.000209095,0.999748,4.2987e-05
id14141,0.0313648,0.948263,0.0203719
id25417,0.00355779,0.99561,0.000832664
id26873,0.993632,0.00231587,0.00405225
id10818,0.00692179,0.0033814,0.989697
id15146,0.847,0.0453234,0.107677
id23328,0.954547,0.0249121,0.0205413
id16765,0.451268,0.410635,0.138097
id24383,0.998066,0.000654158,0.00127956
id21304,0.998121,0.000538625,0.00134074
id12551,0.00708708,0.990215,0.00269826
id23274,0.0027585,0.0027585,0.994483
id08117,0.867999,0.115496,0.0165055
id23961,0.996452,0.00168626,0.00186194
id13865,0.0668505,0.929173,0.00397624
id22807,0.0211455,0.020347,0.958508
id08951,0.0141004,0.0110355,0.974864
id18684,0.998709,0.000948329,0.000343071
id25179,0.0075577,0.985352,0.0070898
id27033,0.996424,0.0024016,0.00117464
id13977,0.118415,0.687795,0.19379
id19337,0.000348448,0.999524,0.00012766
id25764,0.000562774,0.999249,0.000187786
id16106,0.000199452,0.000199452,0.999601
id05468,0.0101718,0.0101718,0.979656
id05241,0.998769,0.000446505,0.000784809
id10215,0.0301896,0.0149869,0.954823
id23457,0.00916097,0.00916097,0.981678
id02200,0.687743,0.100506,0.21175
id13714,0.0110108,0.982477,0.00651217
id20332,0.000271505,0.000271505,0.999457
id18573,0.0137337,0.0137337,0.972533
id08569,0.00383388,0.00248391,0.993682
id22767,0.00928405,0.955611,0.0351052
id25390,0.00625918,0.979857,0.0138839
id09288,0.98266,0.0139755,0.00336462
id12381,0.998218,0.000852956,0.000929423
id02895,0.00883546,0.00883546,0.982329
id25270,0.000284901,0.000267685,0.999447
id14248,0.677589,0.0697134,0.252698
id12831,0.973971,0.00260743,0.0234213
id18305,0.300397,0.186249,0.513354
id07805,0.997564,0.00178446,0.000651548
id14027,0.0146479,0.0141078,0.971244
id02760,0.445598,0.105219,0.449184
id24362,0.99922,0.000501454,0.000278923
id17065,0.000782292,0.999078,0.000139279
id26583,0.0165493,0.895321,0.0881298
id19664,0.996059,0.00185493,0.00208596
id25145,0.844952,0.143297,0.0117502
id17858,0.000619652,0.999215,0.000165517
id05148,0.0614551,0.0600972,0.878448
id22928,0.854614,0.113758,0.0316275
id21549,0.940686,0.00499566,0.0543182
id12649,0.0747,0.920506,0.00479398
id21597,0.990131,0.00811916,0.00174941
id27945,0.987265,0.00718599,0.00554948
id00243,0.999276,0.000359685,0.000364433
id02745,0.999339,0.000427378,0.000233706
id23550,0.115229,0.115229,0.769542
id13023,0.113903,0.0759093,0.810188
id24796,0.000195578,0.000195578,0.999609
id12284,0.0503876,0.913006,0.036606
id02664,0.00145342,0.997962,0.000585103
id23767,0.986552,0.0106747,0.00277309
id05859,0.000642514,0.999136,0.000221528
id14350,0.0527074,0.0217073,0.925585
id01191,0.093699,0.820831,0.0854696
id17034,0.00926671,0.00926671,0.981467
id25292,0.977125,0.0169418,0.00593348
id22121,0.922478,0.0454277,0.0320942
id20872,0.999332,0.000365425,0.000303072
id17720,0.0159748,0.983469,0.000556159
id22658,0.008397,0.990093,0.00151023
id09567,0.806051,0.157761,0.036188
id16445,0.988926,0.00487164,0.00620192
id08349,0.0628594,0.0628594,0.874281
id27437,0.0196436,0.0157407,0.964616
id03812,0.929389,0.0606974,0.00991398
id22304,0.673873,0.300581,0.0255458
id04449,0.00134674,0.998163,0.000490136
id15605,0.0715146,0.0226778,0.905808
id01768,0.928947,0.0555103,0.0155427
id20019,0.000532963,0.999274,0.000192572
id09593,0.000452456,0.999337,0.00021042
id23179,0.333852,0.0271219,0.639026
id21279,0.998528,0.000940184,0.000531517
id06711,0.0575273,0.0575273,0.884945
id14243,0.000253754,0.999648,9.84673e-05
id04839,0.0178686,0.0094302,0.972701
id17220,0.873106,0.10048,0.0264145
id24177,0.997978,0.00069462,0.00132725
id20512,0.00420705,0.00420705,0.991586
id14036,6.11958e-05,0.999927,1.22723e-05
id25001,0.000695536,0.000695536,0.998609
id06175,0.00124332,0.998059,0.000697533
id24720,0.00203465,0.997665,0.000300743
id08070,0.623511,0.35579,0.0206988
id18934,0.912252,0.0314404,0.0563078
id01338,0.845817,0.0282045,0.125978
id19008,0.00129653,0.998181,0.000522924
id19632,0.179934,0.786259,0.0338071
id26224,0.00117714,0.00117714,0.997646
id08219,0.955131,0.0211047,0.0237647
id24008,0.000398268,0.000398268,0.999203
id12475,0.00131366,0.998614,7.25411e-05
id05766,0.0102419,0.00561786,0.98414
id27386,0.0281671,0.967601,0.00423224
id12476,0.00100941,0.99862,0.000370789
id08311,0.792885,0.168748,0.0383676
id04996,0.969775,0.0199597,0.0102659
id17350,0.0029132,0.996059,0.00102735
id05546,0.00317956,0.995049,0.00177099
id16504,0.0024187,0.996853,0.000728703
id05782,6.72971e-05,6.72971e-05,0.999865
id20560,0.992838,0.0055296,0.00163238
id14171,0.00412576,0.00412576,0.991749
id27461,0.0532185,0.0473759,0.899406
id03581,0.103911,0.103911,0.792179
id21847,0.00047326,0.00047326,0.999053
id11712,0.9884,0.00896461,0.00263506
id26738,0.0052732,0.0052732,0.989454
id13668,0.938475,0.049896,0.0116291
id15114,0.999614,0.000342817,4.35675e-05
id20130,0.977461,0.0146323,0.00790703
id18331,0.429426,0.0561511,0.514423
id24465,0.999843,9.38461e-05,6.31302e-05
id13539,0.984692,0.0131751,0.0021329
id27564,9.6326e-05,0.999885,1.81778e-05
id26043,0.286565,0.0693237,0.644112
id04965,4.47529e-05,4.47529e-05,0.999911
id08645,0.000323803,0.000323803,0.999352
id26610,0.911572,0.0647305,0.0236969
id21737,0.392884,0.538014,0.0691017
id25784,0.000220694,0.999668,0.000110777
id23030,0.965342,0.0191523,0.0155061
id16450,0.000108714,0.999856,3.50897e-05
id02161,0.102473,0.0798484,0.817679
id25535,0.916292,0.0127059,0.0710022
id16566,0.989172,0.00519013,0.00563819
id05714,0.999069,0.000681953,0.000248663
id16524,0.896573,0.0906334,0.0127939
id23941,0.00560786,0.991217,0.00317477
id00831,0.00709926,0.00709926,0.985801
id18145,0.949267,0.0350417,0.0156912
id17227,0.996251,0.00283936,0.000910001
id09417,0.919668,0.0397352,0.0405967
id21307,0.945708,0.0339005,0.020391
id05650,0.000143177,0.999826,3.12753e-05
id23901,0.509046,0.422638,0.0683161
id05831,0.998488,0.000884727,0.000627158
id16708,0.0151781,0.983874,0.000948118
id02281,0.0732695,0.0703864,0.856344
id11599,0.401672,0.20804,0.390288
id18353,0.157657,0.817987,0.024356
id07413,0.691848,0.291326,0.0168261
id15653,0.000192587,0.9997,0.000107263
id09715,0.000516526,0.000516526,0.998967
id05108,0.00130337,0.998313,0.000384011
id09537,0.428761,0.505727,0.0655119
id27596,0.991919,0.00652116,0.00155971
id24255,0.000338748,0.000338748,0.999322
id05080,0.000303499,0.000303499,0.999393
id09484,0.23292,0.742945,0.0241358
id14864,0.000337487,0.000337487,0.999325
id26836,0.857537,0.0679921,0.0744711
id07003,0.717163,0.239909,0.0429279
id13750,0.000211446,0.999749,3.97088e-05
id21799,0.00753818,0.00753818,0.984924
id11285,0.999936,4.39249e-05,2.05723e-05
id04735,0.501353,0.424226,0.074421
id23049,7.87642e-05,7.87642e-05,0.999842
id05826,0.165911,0.793756,0.040333
id17916,0.365393,0.629693,0.0049139
id14081,0.00439347,0.0019092,0.993697
id10527,0.0236786,0.00441377,0.971908
id16059,0.00394403,0.995225,0.000830621
id25542,0.999169,0.000599216,0.000231827
id05402,0.000204278,0.000204278,0.999592
id01927,0.882955,0.0644632,0.052582
id27656,0.983226,0.00499577,0.0117786
id06708,0.281815,0.326908,0.391276
id03524,0.729187,0.0942834,0.17653
id12297,0.58673,0.0988972,0.314373
id03439,0.993075,0.00406067,0.00286421
id04587,0.000279128,0.999627,9.43939e-05
id25470,0.0276625,0.970676,0.00166174
id01212,0.130817,0.822363,0.0468197
id13932,0.881325,0.0999017,0.0187736
id00124,0.278088,0.0727553,0.649157
id01592,0.991566,0.00638405,0.00204956
id13461,0.170659,0.170659,0.658682
id24681,0.142217,0.171927,0.685856
id23245,0.0757303,0.0333396,0.89093
id14073,0.00832937,0.00328672,0.988384
id05172,0.995687,0.00111003,0.00320309
id21979,0.869055,0.0512504,0.079695
id00328,0.166761,0.0297849,0.803454
id26102,0.842808,0.149925,0.00726652
id14867,0.00958943,0.00899513,0.981416
id27544,0.0038021,0.995664,0.000534376
id16228,0.998734,0.000794827,0.000471478
id16342,0.322368,0.547063,0.130569
id24933,0.99781,0.00174049,0.000449285
id04601,0.991821,0.0024616,0.00571695
id01599,0.000899624,0.998909,0.000191426
id06238,0.99206,0.00618996,0.00174991
id06826,0.886569,0.0839865,0.0294441
id23307,0.691871,0.298653,0.00947511
id13575,0.998512,0.00119876,0.000289179
id24174,0.997725,0.000447349,0.00182742
id19534,0.0603417,0.0603417,0.879317
id19602,0.010436,0.0085478,0.981016
id26962,0.0240253,0.959212,0.0167625
id04448,0.0086914,0.990415,0.000893109
id09786,0.0154104,0.976543,0.00804614
id25240,0.471151,0.360483,0.168366
id14893,0.999489,0.00029342,0.000217165
id24221,0.993338,0.00465043,0.00201145
id04696,0.808515,0.0705724,0.120913
id15153,0.00409287,0.994721,0.00118606
id13882,0.000153655,0.999812,3.4055e-05
id17836,0.000243008,0.999705,5.22088e-05
id00574,0.214634,0.770636,0.0147307
id02078,0.0302923,0.865212,0.104496
id21206,0.0952891,0.768418,0.136293
id20084,0.158964,0.0954673,0.745569
id26598,0.00188588,0.00188588,0.996228
id06838,0.00703868,0.00410562,0.988856
id08786,0.000987519,0.000987519,0.998025
id09550,0.00222851,0.00222851,0.995543
id10206,0.819651,0.034606,0.145743
id21113,0.997265,0.00156976,0.00116507
id21151,0.000455753,0.999445,9.92336e-05
id02692,0.995108,0.00355558,0.00133658
id26446,0.749034,0.200404,0.0505613
id07377,0.280185,0.678242,0.0415724
id15998,0.431326,0.174488,0.394185
id19637,0.851733,0.129483,0.0187841
id19735,0.0135003,0.971346,0.0151532
id13739,0.00438537,0.00367072,0.991944
id25175,0.91121,0.0689777,0.0198127
id00563,0.712658,0.183181,0.104161
id09982,0.971092,0.00530836,0.0235996
id15459,0.000151038,0.999824,2.5413e-05
id20785,0.00234199,0.00234199,0.995316
id07145,0.00682873,0.00682873,0.986342
id22204,0.0010228,0.998628,0.00034944
id09285,0.988123,0.00391257,0.00796432
id18157,0.00250975,0.00250975,0.99498
id12134,0.0435117,0.0435117,0.912977
id23914,0.999157,0.000261081,0.000581459
id10483,0.943924,0.0509046,0.00517177
id07092,0.987628,0.00159796,0.0107743
id14786,0.261674,0.158663,0.579663
id25741,0.998679,0.000235125,0.00108559
id09050,0.00292226,0.996726,0.000351868
id04938,0.877799,0.10994,0.0122613
id05901,0.92532,0.0606852,0.0139949
id16975,0.000560857,0.99933,0.00010878
id08547,0.00241213,0.00241213,0.995176
id16355,0.947256,0.0428802,0.00986347
id14568,0.952257,0.00967782,0.0380647
id25599,0.0177378,0.972119,0.0101429
id01670,0.000218235,0.999729,5.31782e-05
id23945,0.000579175,0.999377,4.35922e-05
id17394,0.00159725,0.00159725,0.996805
id06501,0.246581,0.718888,0.0345306
id26234,0.000831589,0.998901,0.000267225
id21280,0.000199012,0.000153609,0.999647
id20048,0.00344464,0.00344464,0.993111
id01216,0.118341,0.744949,0.13671
id25320,0.883627,0.0934992,0.022874
id22833,0.00463064,0.00463064,0.990739
id22056,0.290079,0.665904,0.0440165
id02275,0.000448827,0.999445,0.000106286
id26127,0.880619,0.0416169,0.0777643
id17011,0.0919105,0.883983,0.0241067
id13847,0.997913,0.00161108,0.000475913
id00013,0.00807844,0.985213,0.00670815
id16463,0.97687,0.0206163,0.00251376
id04845,0.00679299,0.987101,0.00610599
id01787,0.016865,0.0115958,0.971539
id08637,0.991026,0.00774775,0.00122624
id11414,3.04536e-05,3.04536e-05,0.999939
id13177,0.0552857,0.159533,0.785181
id24517,0.991119,0.00671322,0.00216784
id26838,0.715499,0.0907065,0.193794
id23081,0.00110779,0.998647,0.000245608
id16327,0.00196749,0.997626,0.000406586
id27282,0.00192002,0.997799,0.0002805
id07489,0.0576332,0.0200977,0.922269
id01718,0.00354578,0.00354578,0.992908
id15441,0.935024,0.0614806,0.00349526
id27736,0.000181985,0.999766,5.2417e-05
id16324,0.0798192,0.0697934,0.850387
id12027,0.0132109,0.0132109,0.973578
id24653,0.000215129,0.999741,4.41187e-05
id17541,0.0743307,0.0292499,0.896419
id22406,0.115805,0.209383,0.674812
id18356,0.459883,0.526383,0.0137348
id04505,0.222773,0.760414,0.016813
id04246,0.575238,0.161634,0.263127
id07368,0.992375,0.004557,0.00306818
id26185,0.000513971,0.000513971,0.998972
id08878,0.176933,0.100224,0.722842
id27691,0.000182385,0.000182385,0.999635
id18004,0.73447,0.194266,0.0712645
id24426,0.975053,0.0116522,0.0132945
id14164,0.899771,0.0593421,0.040887
id12653,0.000265632,0.999669,6.53591e-05
id18060,0.0166433,0.0166433,0.966713
id18556,0.145417,0.198206,0.656377
id27371,0.00122892,0.00122892,0.997542
id11989,0.00368898,0.993955,0.00235579
id26095,0.997889,0.00151188,0.000599113
id24978,0.247671,0.466243,0.286087
id20322,0.0208272,0.0145851,0.964588
id01954,0.997165,0.00222028,0.000615143
id07434,0.0356673,0.0194123,0.94492
id18144,0.00035834,0.00035834,0.999283
id16250,0.000734404,0.999025,0.000240834
id17793,0.000625003,0.000625003,0.99875
id24067,0.0386417,0.0386417,0.922717
id13891,6.90027e-05,6.90027e-05,0.999862
id07334,0.000203017,0.999775,2.22549e-05
id15633,0.000233281,0.999715,5.16004e-05
id23239,0.982729,0.00575752,0.0115136
id10674,0.763281,0.208052,0.0286665
id22093,0.275517,0.573651,0.150832
id08444,0.298614,0.363107,0.338279
id03257,0.206233,0.258686,0.535081
id10040,0.548617,0.422319,0.0290642
id04902,4.84514e-05,4.84514e-05,0.999903
id01219,0.923776,0.0688051,0.00741917
id01340,0.982824,0.0158613,0.00131452
id05117,0.000280867,0.999649,6.98736e-05
id04908,0.0063819,0.0063819,0.987236
id03626,0.000512471,0.000512471,0.998975
id01888,0.99991,3.45661e-05,5.49093e-05
id17199,0.00235939,0.00235939,0.995281
id11200,0.933001,0.0417689,0.0252303
id27561,0.511891,0.45121,0.0368996
id20966,8.80974e-05,0.999893,1.87179e-05
id10257,7.934e-05,0.999907,1.39925e-05
id21168,0.000953935,0.998813,0.000232741
id23363,0.00149724,0.00149724,0.997006
id05321,0.998725,0.00100825,0.000266247
id09928,0.000148846,0.000148846,0.999702
id18015,0.999371,0.000293625,0.000335239
id02082,0.000146807,0.999824,2.89495e-05
id19279,0.83798,0.151797,0.0102227
id08541,0.000137187,0.999844,1.83328e-05
id15249,0.000192179,0.99974,6.78835e-05
id03609,0.000428403,0.999471,0.000100584
id22902,0.00136994,0.00136994,0.99726
id17733,0.990656,0.00849811,0.000846121
id07554,0.00613322,0.00613322,0.987734
id14120,0.970806,0.0217342,0.00746005
id21802,0.237845,0.66507,0.0970845
id15614,2.61437e-05,0.999969,4.60526e-06
id19437,0.00134874,0.00134874,0.997302
id22698,0.888294,0.0863444,0.0253618
id21841,6.00921e-05,0.999932,7.75989e-06
id16177,0.937897,0.0583364,0.00376699
id15887,0.0144231,0.0144231,0.971154
id22629,0.0173442,0.00445065,0.978205
id10346,0.996836,0.00114396,0.00201965
id05154,0.916394,0.0212758,0.0623306
id22913,0.907401,0.0137759,0.0788234
id10544,0.0245517,0.909694,0.0657542
id08703,0.000131679,0.999841,2.75388e-05
id12817,0.00260641,0.00219421,0.995199
id25433,0.925661,0.0314319,0.0429069
id25112,0.000334476,0.000334476,0.999331
id05054,0.0182705,0.973352,0.00837777
id02311,0.00375834,0.992908,0.0033334
id22160,0.00232971,0.997451,0.000219235
id17422,0.998009,0.00040284,0.00158789
id18985,0.800681,0.149344,0.0499748
id21905,0.097589,0.0442393,0.858172
id17474,0.996058,0.0032582,0.000683437
id15236,6.47822e-05,0.999912,2.36303e-05
id13964,0.962195,0.0186115,0.0191934
id15962,0.0118246,0.986592,0.00158301
id20866,0.0248945,0.0248945,0.950211
id06625,0.00711949,0.00452503,0.988356
id09793,0.940079,0.0269405,0.0329804
id17365,0.000274426,0.999671,5.42411e-05
id18463,0.00798108,0.985232,0.00678708
id20693,0.0459544,0.931384,0.022662
id08785,0.000641715,0.999205,0.000153597
id06783,0.0165149,0.969747,0.0137382
id23178,0.000993478,0.000993478,0.998013
id13513,0.000907512,0.998825,0.000267297
id25361,0.00561501,0.00561501,0.98877
id22319,0.567307,0.310122,0.122571
id14024,0.446168,0.104739,0.449093
id24186,0.000124123,0.999841,3.49097e-05
id20965,0.994254,0.00206705,0.00367893
id06242,0.0297792,0.0123941,0.957827
id25665,0.0525768,0.0525768,0.894846
id09706,0.0747084,0.146146,0.779146
id11026,0.00104893,0.998537,0.000414331
id04223,0.999619,0.000128071,0.0002527
id19674,0.000423952,0.999395,0.000181404
id23420,0.0130793,0.0130793,0.973841
id18059,0.0285434,0.962834,0.00862257
id22576,0.978298,0.00294124,0.0187606
id18495,0.000182951,0.999794,2.34889e-05
id14139,0.933288,0.0465926,0.0201195
id18313,0.00207466,0.996867,0.00105819
id27356,0.99121,0.00483309,0.00395693
id16035,0.0021564,0.0021564,0.995687
id04182,0.00029331,0.999671,3.6035e-05
id15667,0.168073,0.824361,0.00756562
id08713,0.970901,0.00358514,0.0255136
id25563,0.000234753,0.999709,5.63335e-05
id17023,0.996944,0.0024593,0.000596497
id03014,0.00987724,0.983343,0.00677932
id23812,0.000267823,0.99968,5.24529e-05
id20057,0.23395,0.374861,0.391189
id12385,0.137434,0.824458,0.0381073
id24416,0.000516337,0.99937,0.000113391
id15672,0.000330034,0.999551,0.000119308
id13868,0.999301,0.000426525,0.000272363
id21095,0.030878,0.030878,0.938244
id05305,0.398915,0.571949,0.0291352
id15384,0.0120522,0.0120522,0.975895
id14049,0.0174445,0.00441202,0.978144
id23441,0.797102,0.145247,0.0576504
id12856,0.00126678,0.00126678,0.997467
id16055,0.01247,0.01247,0.97506
id24771,0.0251993,0.972179,0.00262125
id14053,0.0478276,0.0124227,0.93975
id19547,0.0554375,0.402853,0.54171
id03639,0.000330474,0.999578,9.1679e-05
id14546,0.00163219,0.997943,0.000424569
id13935,0.0405725,0.0302339,0.929194
id20335,0.00931649,0.987193,0.00349027
id07301,0.0740535,0.0685235,0.857423
id10186,0.998917,0.000539029,0.000543554
id00192,0.885841,0.0756736,0.0384853
id17851,0.681243,0.298917,0.0198401
id08403,0.00565303,0.992492,0.00185494
id06183,0.0171088,0.012218,0.970673
id24738,0.015034,0.968541,0.0164251
id15112,0.0955446,0.037151,0.867304
id19819,0.00380854,0.00306394,0.993128
id17722,0.00357845,0.00357845,0.992843
id24273,0.0382905,0.909136,0.0525738
id18939,0.00244551,0.00244551,0.995109
id16076,0.0129089,0.986357,0.000733878
id23158,0.000886413,0.00084268,0.998271
id12745,0.523286,0.0495216,0.427192
id22538,0.0158259,0.0050915,0.979083
id14975,0.0157589,0.981617,0.00262363
