id,EAP,HPL,MWS
id02310,0.0380712,0.00698405,0.954945
id24541,0.998558,0.000254027,0.00118839
id00134,0.00121925,0.998691,9.0023e-05
id27757,0.999868,5.74763e-05,7.42486e-05
id04081,0.981465,0.0141144,0.00442107
id27337,0.995565,0.000963858,0.00347071
id24265,0.948453,0.0426545,0.00889243
id25917,0.0187438,0.0257948,0.955462
id04951,0.999949,1.65669e-05,3.4367e-05
id14549,0.979358,0.00271317,0.0179291
id22505,0.0516685,0.0093482,0.938983
id24002,5.53733e-05,0.999917,2.7476e-05
id18982,0.001878,0.994559,0.00356278
id15181,0.00194014,0.997667,0.000393135
id21888,0.92035,0.0258786,0.0537714
id12035,0.00626186,0.000244567,0.993494
id17991,0.736345,0.0158882,0.247767
id10707,0.99973,5.36401e-05,0.000216457
id07101,0.0076258,0.000700957,0.991673
id00345,0.00513423,0.994557,0.000308419
id05912,0.892475,0.0127747,0.0947506
id13443,0.998982,0.000526085,0.000491725
id09248,0.169839,0.0140811,0.81608
id17542,0.475475,0.488188,0.0363366
id06995,0.00920052,0.000584585,0.990215
id25159,0.335582,0.029065,0.635353
id25729,0.00166874,0.993415,0.00491679
id26949,0.99709,0.000505894,0.00240436
id27191,0.00777497,0.000335622,0.991889
id07668,0.0156064,0.00477399,0.97962
id02230,0.0359119,0.00706336,0.957025
id15553,0.997886,0.000560027,0.00155405
id25688,0.000209385,0.999705,8.60846e-05
id17545,0.952318,0.0441807,0.00350161
id13929,0.0743413,0.0217692,0.903889
id12880,0.000365884,0.999148,0.000486362
id19282,0.986,0.00898062,0.00501938
id14690,0.00177014,8.90203e-05,0.998141
id17975,0.0023841,0.997077,0.000538776
id08037,0.998505,0.000225542,0.00126906
id15412,0.115396,0.0122946,0.87231
id25032,0.713345,0.0241465,0.262509
id27165,0.999695,7.12624e-05,0.000233925
id03327,0.00804097,0.983212,0.00874689
id18515,0.999675,5.11212e-05,0.000273845
id21003,0.0168726,0.00302611,0.980101
id23855,0.000265451,0.999671,6.3276e-05
id20724,0.435465,0.493526,0.0710086
id13303,0.995773,0.00065747,0.00356918
id16521,0.000517234,0.997834,0.00164894
id20775,0.999445,0.000111852,0.000442772
id13029,0.999594,0.000104116,0.000302012
id14660,0.997686,0.00151177,0.000801881
id11028,0.0015147,8.69196e-05,0.998398
id14180,0.999958,8.26821e-06,3.36933e-05
id25860,0.998575,0.000910199,0.000515008
id11910,0.01062,0.00169286,0.987687
id08065,0.0856126,0.0610101,0.853377
id22674,0.0122698,0.00273038,0.985
id25018,0.0582949,0.00153658,0.940169
id10892,0.000256395,0.999542,0.000201486
id10217,0.000561778,0.999127,0.000311493
id12996,0.0710488,0.00282417,0.926127
id18262,0.99224,0.000548029,0.00721155
id08606,0.000130985,0.99984,2.85611e-05
id17233,0.996878,0.000355249,0.00276662
id00101,0.209274,0.725491,0.0652344
id12225,0.962811,0.00292544,0.0342636
id01364,0.00101759,0.998855,0.000127674
id24973,0.624321,0.0267355,0.348943
id25363,0.99945,0.000106246,0.000443332
id10061,0.0862054,0.00202995,0.911765
id17673,0.0016039,0.998046,0.000349727
id13249,0.98629,0.00386074,0.00984974
id10107,0.000838256,0.000151933,0.99901
id04403,0.988354,0.00202719,0.00961898
id25728,0.995869,0.00193828,0.00219278
id16184,0.320215,0.0768662,0.602919
id03438,0.00108587,8.10317e-05,0.998833
id22923,3.92686e-05,0.999953,8.11024e-06
id08610,0.999477,0.000214706,0.00030838
id25355,0.0166898,0.00324018,0.98007
id16916,0.563761,0.0433758,0.392863
id12793,0.0008841,0.998865,0.000250852
id11859,0.0970427,0.00434979,0.898607
id02434,0.996473,0.000567226,0.00295938
id27703,0.00237424,0.000164062,0.997462
id25212,0.00596234,0.992115,0.00192318
id11308,0.0921627,0.00447336,0.903364
id26094,0.953053,0.0395345,0.00741285
id22080,0.993693,0.00501741,0.00128981
id03545,0.99827,0.000548894,0.00118113
id23725,0.00638156,0.00133834,0.99228
id12009,0.997577,0.000835925,0.00158684
id24241,0.011463,0.00232697,0.98621
id03596,0.000110353,0.999835,5.44316e-05
id10749,0.00971997,0.988289,0.00199116
id22794,0.00117775,0.000212831,0.998609
id15482,0.00280749,0.99606,0.00113306
id04833,0.0254918,0.0016469,0.972861
id00397,0.101849,0.0104627,0.887688
id14691,0.0064546,0.00170523,0.99184
id05193,0.00400244,0.00048992,0.995508
id19541,0.999462,0.000159916,0.000377941
id22166,0.00116475,0.000182311,0.998653
id20744,0.00122965,2.70448e-05,0.998743
id10392,0.00635964,0.00078517,0.992855
id00770,0.999605,0.000125369,0.000269637
id06018,0.998318,0.000540409,0.00114129
id15678,0.995165,0.000360213,0.00447467
id08305,0.442067,0.0365385,0.521394
id08903,0.00527792,0.00280744,0.991915
id14752,0.912154,0.0336247,0.0542217
id12468,0.00010984,0.99986,3.04467e-05
id05085,0.996609,0.00103607,0.00235515
id21993,0.193334,0.00219468,0.804471
id15503,0.964802,0.0217291,0.0134684
id03021,0.000780411,0.998945,0.000274477
id16123,0.999615,6.01062e-05,0.000325162
id19383,0.999829,4.24545e-05,0.000128166
id04186,0.997645,0.000556083,0.00179923
id17954,0.00135548,0.000129177,0.998515
id12030,0.0439384,0.000467648,0.955594
id13020,0.994673,0.00275394,0.00257289
id25327,0.117462,0.848045,0.0344928
id16344,0.0257266,0.00376694,0.970506
id12303,0.0015908,0.99825,0.000159347
id15017,0.999103,0.000273202,0.000624067
id22308,0.0331285,0.00381189,0.96306
id06536,0.000269298,4.97643e-05,0.999681
id19797,0.00711208,0.977546,0.0153421
id06332,0.995337,0.000512063,0.00415052
id22941,0.537778,0.0602091,0.402013
id13547,0.00125309,0.0022063,0.996541
id06928,0.0117202,0.000264665,0.988015
id12521,0.999332,0.000432065,0.00023596
id25716,0.98862,0.000635194,0.0107444
id27116,0.010952,0.00024564,0.988802
id19941,0.00226635,0.997247,0.000486187
id05711,0.000637631,5.28156e-05,0.99931
id02097,0.00313446,0.000603186,0.996262
id03563,0.000416388,0.999472,0.000111291
id02295,0.0761867,0.805052,0.118761
id08179,0.998906,0.000340185,0.000753779
id05332,0.112526,0.871157,0.0163172
id15697,0.994845,0.00122928,0.00392543
id17026,0.0161565,0.00146955,0.982374
id04243,0.0279852,0.968123,0.00389219
id13175,0.99998,1.95308e-06,1.81537e-05
id05387,0.999544,7.29966e-05,0.000382825
id19989,0.996285,0.000630011,0.00308476
id25173,0.00340135,0.000652002,0.995947
id08925,0.119811,0.859376,0.0208133
id03034,0.00117242,0.998428,0.000399742
id13272,1.92877e-05,0.999971,9.57765e-06
id07956,0.999054,0.000204824,0.000740838
id02648,0.0140057,0.00266823,0.983326
id01778,0.0297348,0.00107304,0.969192
id12846,0.00109895,0.000108447,0.998793
id19001,0.0198863,0.00120666,0.978907
id05763,0.0616621,0.00378785,0.93455
id15590,0.00971125,0.000526799,0.989762
id04912,0.988294,0.0019699,0.00973569
id21201,0.836248,0.0691333,0.0946188
id13215,0.998564,0.000581672,0.000854367
id15612,0.00070427,0.998892,0.000404263
id18501,0.0214455,0.00158115,0.976973
id07223,0.382396,0.330725,0.286879
id06707,0.751438,0.0248585,0.223704
id05238,0.000135684,0.999791,7.36233e-05
id00935,0.00711309,0.00138543,0.991501
id00110,0.95204,0.00528405,0.042676
id17476,0.997158,0.00130278,0.00153932
id15170,0.997437,0.000449537,0.00211336
id13397,0.00924008,0.983491,0.00726902
id24283,0.929181,0.0150792,0.0557397
id15234,0.997498,0.000932917,0.00156892
id16884,0.000904387,0.998588,0.000508101
id07831,0.0735347,0.909764,0.0167008
id16038,0.99311,0.00598122,0.000908767
id03629,0.984769,0.0101091,0.00512178
id21019,0.687542,0.0176274,0.29483
id21835,0.992921,0.00212744,0.00495135
id04480,0.000361808,0.999542,9.60458e-05
id20838,0.000314304,0.999564,0.000122089
id24195,0.301546,0.0979354,0.600518
id05448,0.0422844,0.94413,0.0135857
id15957,0.0226785,0.975659,0.00166242
id19956,0.00434334,0.000213592,0.995443
id15104,0.000492955,0.000163448,0.999344
id17559,0.639447,0.353288,0.00726544
id16839,0.0734135,0.0641112,0.862475
id14493,0.992138,0.000420404,0.00744163
id08833,0.999422,9.57052e-05,0.000482342
id15723,0.221078,0.028335,0.750587
id02716,0.997501,0.00076727,0.00173218
id06689,0.0031296,0.996,0.000870848
id18837,0.00782499,0.000886806,0.991288
id04466,0.999929,1.96035e-05,5.14297e-05
id00686,0.998704,0.000944366,0.00035137
id09010,0.000391131,0.999517,9.16567e-05
id23353,0.857681,0.00807041,0.134248
id00066,0.931654,0.0644602,0.00388548
id15724,0.199401,0.761229,0.0393705
id23486,0.027592,0.0011523,0.971256
id22258,0.0037354,0.000430376,0.995834
id02292,0.0984893,0.893484,0.00802666
id16356,0.0105621,0.00129503,0.988143
id00235,0.999103,0.000225987,0.000670855
id25522,0.00292236,0.000285346,0.996792
id04204,0.00189347,0.997824,0.000282638
id22016,0.997818,0.000238316,0.00194408
id06480,0.191262,0.798627,0.0101109
id08718,0.0178255,0.00128766,0.980887
id05251,0.000588226,0.999035,0.00037715
id03359,0.569409,0.39557,0.0350208
id16117,0.00346998,0.000183743,0.996346
id17000,4.82213e-05,0.999938,1.37597e-05
id01730,0.000293914,0.999648,5.85589e-05
id00630,0.986494,0.00853792,0.00496842
id18175,0.0470231,0.0022623,0.950715
id00907,0.727049,0.180448,0.0925028
id18251,0.000557636,0.999292,0.000149881
id25861,0.979651,0.00780302,0.0125459
id00398,0.863072,0.0157237,0.121204
id27573,0.999488,0.000155803,0.000356262
id10022,0.00856766,0.968154,0.0232783
id15901,0.00109397,2.16763e-05,0.998884
id00451,0.00516383,0.000499221,0.994337
id23129,0.00131812,0.998528,0.000154022
id26498,0.000895174,0.998647,0.000457586
id14741,0.768198,0.00102417,0.230778
id18453,0.0814001,0.00185762,0.916742
id08309,0.995593,0.00168231,0.00272509
id00320,0.999872,2.51104e-05,0.000102938
id07688,0.52489,0.0305375,0.444573
id01556,0.00132303,0.000155586,0.998521
id00178,0.000884717,0.000225235,0.99889
id18902,0.00583453,0.00108884,0.993077
id27002,0.0488527,0.929664,0.0214836
id21418,0.99909,8.83804e-05,0.000821642
id23018,0.918735,0.0310444,0.0502205
id07032,0.991966,0.00251528,0.00551909
id16195,0.877923,0.00926157,0.112815
id11202,0.000364639,0.999564,7.18916e-05
id09578,0.989214,0.00121543,0.00957005
id26984,0.965621,0.0205765,0.0138026
id19856,0.000136494,0.999822,4.19521e-05
id12086,0.931504,0.00201301,0.0664832
id12052,0.0261761,0.000769472,0.973054
id17728,0.00259279,0.000417517,0.99699
id24608,0.0200667,0.00302306,0.97691
id21097,0.749293,0.00995134,0.240756
id20179,0.000417299,4.12682e-05,0.999541
id15144,0.959057,0.0129645,0.0279788
id00206,0.995959,0.00137708,0.002664
id22285,0.000232859,2.15997e-05,0.999746
id06417,0.000508521,0.999307,0.000184027
id00215,3.72896e-05,0.999939,2.32615e-05
id04201,0.625846,0.0131928,0.360961
id21771,0.988238,0.00571408,0.00604832
id12451,0.147043,0.630137,0.222821
id14250,0.0022642,0.993556,0.00417983
id03433,0.000892772,0.998747,0.000360642
id03303,0.045274,0.00388173,0.950844
id25901,0.0994937,0.546089,0.354418
id06945,0.106833,0.0222785,0.870889
id05664,0.993649,0.00243426,0.00391674
id05741,0.998973,0.000354845,0.000671824
id10652,0.927538,0.00262448,0.0698376
id16300,0.998991,9.15324e-05,0.000917231
id12319,0.807958,0.160499,0.0315432
id07500,0.000281024,0.999681,3.82477e-05
id12478,0.662958,0.0811355,0.255906
id03076,0.0036034,9.6765e-05,0.9963
id00969,0.0179184,0.978712,0.00336971
id23636,0.00163963,0.997869,0.000491108
id09791,0.00584627,0.000693252,0.99346
id05680,0.00135372,0.997588,0.00105831
id03672,0.00038814,0.999387,0.000224735
id04286,0.00129881,0.997051,0.00164997
id23883,0.00122525,0.000229274,0.998546
id11914,0.732071,0.00912077,0.258808
id20974,7.77196e-05,0.999887,3.48869e-05
id26125,0.00238436,6.90589e-05,0.997547
id15543,0.00440526,0.00014971,0.995445
id19471,0.998907,0.000148298,0.00094472
id11503,0.655635,0.340308,0.00405764
id09321,0.026309,0.918679,0.0550117
id25560,0.000399216,3.72102e-05,0.999564
id06726,0.0385044,0.0900404,0.871455
id05709,0.999953,8.0875e-06,3.89635e-05
id09788,0.00178741,0.000267357,0.997945
id05289,0.999834,2.79647e-05,0.000137686
id11815,0.00134557,0.998212,0.000442415
id22422,0.512623,0.35601,0.131367
id25954,0.920025,0.0733819,0.00659321
id13601,0.547844,0.0248258,0.42733
id05677,0.997489,0.000362208,0.00214851
id10498,0.000187614,0.999771,4.11792e-05
id02665,0.0176459,0.977649,0.00470553
id10114,0.107763,0.441805,0.450432
id26314,0.99415,0.00458467,0.00126536
id21240,0.262179,0.0433237,0.694498
id15569,0.999136,0.000388409,0.000475918
id25928,0.00397513,0.000308823,0.995716
id22706,9.42233e-05,0.999884,2.13242e-05
id20877,0.000824701,0.998728,0.000447175
id04318,0.773318,0.0198077,0.206875
id18299,0.798416,0.0494175,0.152167
id08126,0.0081276,0.000970459,0.990902
id14293,0.00957044,0.000253806,0.990176
id12759,0.998531,0.000165987,0.00130302
id11983,0.999104,0.000122206,0.000774065
id05580,0.00993602,0.00444601,0.985618
id25846,0.0343895,0.962892,0.00271866
id01939,0.0544422,0.00438749,0.94117
id26327,0.470267,0.054235,0.475498
id11068,0.00185936,6.0835e-05,0.99808
id08404,0.992507,0.00169962,0.00579317
id27189,0.12481,0.861643,0.0135475
id15119,0.00044477,0.999275,0.000280399
id26525,0.997954,0.00107651,0.000969026
id03618,0.07494,0.638531,0.286529
id27220,0.999658,0.000177239,0.000164538
id18777,0.115425,0.00613371,0.878441
id20213,0.787032,0.144545,0.0684226
id20403,0.999903,1.39012e-05,8.32277e-05
id03777,0.0027946,0.000326359,0.996879
id10595,0.00138164,0.998123,0.000495333
id13816,0.982901,0.00424731,0.0128515
id05667,0.00167367,3.86023e-05,0.998288
id24629,0.978807,0.00194751,0.0192451
id20398,0.00511774,0.000722221,0.99416
id14108,0.00173917,0.000175006,0.998086
id06196,0.000545828,0.99898,0.000474473
id02800,0.00557006,0.982323,0.0121066
id18732,0.000283178,0.999511,0.000205621
id11915,0.000250585,0.999695,5.48319e-05
id09739,0.927603,0.0684993,0.00389737
id24672,0.990263,0.00767727,0.00205943
id00414,0.000724844,5.95971e-05,0.999215
id16307,0.999765,6.96502e-05,0.000164915
id14043,0.0320399,0.00090234,0.967058
id00517,0.000557911,0.000146426,0.999296
id09744,0.999243,0.000365374,0.000391543
id19257,0.999857,6.963e-05,7.36228e-05
id15437,0.000874259,0.998866,0.000259821
id16352,0.00254867,0.000290029,0.997161
id18849,0.274334,0.00843315,0.717233
id19434,0.000240323,0.999699,6.04127e-05
id17928,0.00104315,0.000209258,0.998748
id16896,0.00970301,0.00235149,0.987946
id02135,0.0694462,0.0324399,0.898114
id15075,0.999779,0.000136494,8.50317e-05
id27486,0.00146552,0.998338,0.000196528
id19422,0.968917,0.0276368,0.00344622
id09603,0.000525582,0.999298,0.000176673
id02133,0.000412316,0.999522,6.54966e-05
id03441,0.998497,0.000224463,0.00127809
id02398,0.000418191,0.999445,0.000136818
id05152,0.00453227,0.000251153,0.995217
id17838,0.00825084,0.000288581,0.991461
id25060,0.999414,0.000114835,0.000471335
id09998,0.0101658,0.00114212,0.988692
id01828,0.0705178,0.79071,0.138772
id25377,0.00530435,0.000402434,0.994293
id22175,0.00067503,0.999175,0.000150066
id02974,0.000337541,3.39677e-05,0.999628
id26955,0.875173,0.117191,0.00763595
id21091,0.991463,0.0018116,0.00672583
id12802,0.999465,0.000215112,0.000319578
id07432,0.00211805,0.997202,0.000680072
id18749,0.000107099,0.999853,3.96423e-05
id15030,0.00158173,0.000161293,0.998257
id17155,0.0013336,0.998482,0.00018491
id08128,0.000184707,0.999493,0.000322322
id25706,0.0014211,0.997537,0.00104151
id15645,0.999835,4.90721e-05,0.00011624
id04943,0.983559,0.0141689,0.00227178
id27566,0.00548429,0.00152494,0.992991
id11765,0.0602462,0.798403,0.141351
id13783,0.63395,0.129667,0.236382
id00492,0.00440407,0.000329145,0.995267
id27636,0.0566803,0.00569132,0.937628
id04273,0.99737,0.000235393,0.00239476
id02537,0.0579519,0.0288301,0.913218
id24349,0.335682,0.65483,0.00948804
id00023,0.000103113,0.999806,9.04745e-05
id23025,0.0132813,0.985871,0.000847532
id08722,0.913725,0.0358369,0.0504379
id02420,0.999637,0.000104,0.000258734
id10811,0.974913,0.00108008,0.0240069
id04019,0.000903472,0.000154239,0.998942
id18334,0.990314,0.00524973,0.00443676
id16781,0.958293,0.00317715,0.0385297
id08773,0.011853,0.986135,0.00201186
id19214,0.981772,0.00371405,0.0145142
id09589,8.18835e-05,0.999812,0.000105725
id24246,0.99877,0.000618435,0.000611348
id23577,0.517758,0.471229,0.0110126
id09305,0.938677,0.00911989,0.0522034
id16460,0.0214485,0.00195583,0.976596
id21115,0.968024,0.000264905,0.0317107
id25996,0.559139,0.213416,0.227445
id02551,0.00190625,0.000218301,0.997875
id19352,0.0163277,0.00122072,0.982452
id03806,0.0835662,0.000800644,0.915633
id26544,0.964487,0.00248064,0.0330328
id18761,0.997957,0.000472115,0.00157057
id24148,0.000580182,0.999276,0.000143411
id16095,0.00063729,0.998963,0.00039967
id18442,0.999472,0.000231934,0.000296251
id22596,8.61391e-05,7.12162e-06,0.999907
id23002,0.00305802,0.000761589,0.99618
id04797,0.998748,0.000517498,0.000734504
id06610,0.00698596,0.00167161,0.991342
id16173,0.786053,0.144808,0.0691385
id18292,0.0025319,0.000279633,0.997189
id27328,0.996734,0.000919714,0.00234663
id01695,0.00140502,0.998097,0.000497662
id05761,0.998864,0.000102853,0.00103347
id16354,0.994377,0.000159704,0.00546353
id12207,0.00190768,0.996453,0.00163966
id05665,0.00558432,0.000313055,0.994103
id01911,0.995449,0.000714905,0.00383625
id19153,0.00145432,3.05667e-05,0.998515
id10295,0.936003,0.0592116,0.00478543
id23038,0.980638,0.00988445,0.00947787
id23783,0.0013563,0.998465,0.000179087
id27879,0.996827,0.00171294,0.00145961
id19190,0.00160547,0.997955,0.000439794
id05065,0.998182,0.00076717,0.0010506
id21296,0.000150245,0.999786,6.33439e-05
id13262,0.0671885,0.0398492,0.892962
id10333,0.999699,4.88927e-05,0.00025176
id16677,0.928357,0.00299761,0.0686453
id01392,0.178981,0.0288588,0.79216
id27874,0.977826,0.00953645,0.012637
id02294,0.0186807,0.978824,0.00249505
id18298,0.00978083,0.0300463,0.960173
id06997,0.999457,0.000140782,0.000401863
id05243,0.654969,0.325679,0.0193524
id00860,0.00824244,0.970701,0.0210567
id26681,0.96512,0.0175334,0.0173466
id06020,0.0039557,0.000230796,0.995813
id27683,0.991892,0.00390973,0.0041988
id17655,0.00106983,0.998828,0.000102482
id08817,0.000652162,5.97225e-05,0.999288
id11512,0.00637428,0.0363006,0.957325
id00478,0.00940623,0.00123561,0.989358
id02116,0.997305,0.000546143,0.00214867
id06746,0.99507,0.001404,0.00352648
id03863,0.213873,0.666011,0.120116
id01802,0.01918,0.978898,0.00192202
id11682,0.993898,0.000639827,0.00546188
id04033,0.000143983,0.999786,6.97154e-05
id09286,0.0736707,0.884093,0.0422364
id12904,0.998574,0.00082284,0.000603419
id07420,0.00141759,0.00022455,0.998358
id22398,0.000177406,0.999778,4.46783e-05
id00424,0.0216494,0.00346552,0.974885
id20960,0.997551,0.000752996,0.00169632
id10267,0.000436986,0.999456,0.000107221
id19330,0.05186,0.0341885,0.913951
id00994,0.000342584,0.999401,0.000256731
id10785,0.19452,0.288632,0.516848
id00955,0.0646801,0.925933,0.00938697
id09757,0.000101553,0.999865,3.38016e-05
id10030,0.0547765,0.0123779,0.932846
id22952,0.00428379,0.000175837,0.99554
id21955,0.000704579,5.31308e-05,0.999242
id07674,0.134042,0.856599,0.00935848
id13760,0.00200508,0.997542,0.000453439
id18166,0.908187,0.00478754,0.087025
id23498,0.996922,0.00162599,0.00145203
id05296,0.990888,0.000750272,0.00836149
id26709,0.999858,3.88014e-05,0.000103363
id02853,0.997206,0.000356993,0.00243731
id06800,0.439667,0.0514682,0.508865
id14758,0.00297595,0.99628,0.000744052
id12356,0.999597,0.000113395,0.000290055
id21492,0.969755,0.00659002,0.0236548
id27540,0.0065179,0.00123214,0.99225
id07376,0.00730557,0.976122,0.0165727
id15201,0.025262,0.969997,0.00474145
id23388,0.00012603,0.999822,5.16681e-05
id13923,4.89816e-05,0.999931,2.00566e-05
id00794,0.000267841,0.999525,0.000207031
id23910,0.00341289,0.000497206,0.99609
id02556,0.096896,0.0161204,0.886983
id22151,0.00017663,0.99973,9.37579e-05
id11698,0.00206,0.99674,0.00120032
id11627,0.00882727,0.000762579,0.99041
id06340,0.997741,0.00107463,0.00118436
id05123,0.979545,0.00282244,0.0176329
id26620,0.000720236,2.66001e-05,0.999253
id04002,0.00611509,0.00209215,0.991793
id26554,0.0110151,0.0512456,0.937739
id18012,0.00678638,0.00659269,0.986621
id12964,0.0671199,0.00271535,0.930165
id18965,0.000863705,0.00367791,0.995458
id19082,0.00355087,0.000381425,0.996068
id26742,0.00187529,0.000164259,0.99796
id15442,0.0148648,0.984428,0.00070719
id16647,0.38453,0.0787218,0.536748
id11544,0.00379105,0.000803258,0.995406
id20581,0.027042,0.00598947,0.966969
id13192,0.997694,0.000346016,0.00196024
id15814,0.0168952,0.00522022,0.977885
id26279,0.00163787,0.998235,0.000127477
id00240,0.999248,0.000181459,0.000571096
id22836,0.999225,0.000167852,0.000607552
id15085,0.00102948,0.997809,0.00116137
id17495,0.984033,0.00162546,0.014341
id26762,0.00649505,0.000810549,0.992694
id13685,0.999501,0.000119351,0.000379659
id16560,0.0001553,0.999811,3.33909e-05
id17184,0.000134134,0.99979,7.54769e-05
id21635,0.999948,1.01527e-05,4.17233e-05
id26751,0.509125,0.242387,0.248488
id12351,0.999229,0.00027164,0.000499195
id14872,0.985599,0.00396959,0.0104318
id18372,0.999404,0.000125361,0.00047087
id26851,0.978933,0.00297114,0.0180961
id22659,0.0437548,0.954461,0.00178428
id04102,0.00447274,0.000403495,0.995124
id02353,0.000456349,0.999461,8.28621e-05
id26721,0.998749,0.000597798,0.000652676
id11171,0.998423,0.000777731,0.000799048
id13562,0.966212,0.0158035,0.0179846
id26425,0.990748,0.000504217,0.00874745
id26394,0.551158,0.0294781,0.419364
id22187,0.351412,0.576873,0.0717155
id00422,0.999406,0.000123044,0.000470811
id22667,0.000194635,0.999757,4.79681e-05
id00911,0.936433,0.00146777,0.0620992
id17291,0.811243,0.166356,0.0224015
id01915,0.00441185,0.000783795,0.994804
id01434,0.0506943,0.00448845,0.944817
id01584,0.955817,0.0165392,0.0276436
id09266,0.820907,0.1591,0.0199938
id17494,9.72942e-05,0.999872,3.09212e-05
id24919,0.468934,0.0640669,0.466999
id21043,0.00186065,0.000161157,0.997978
id17796,0.000158608,0.999741,0.000100022
id02166,0.9982,0.00025152,0.0015486
id17503,0.998245,0.000530674,0.00122455
id21203,0.993111,0.000872245,0.00601717
id25626,0.999944,1.61818e-05,3.99069e-05
id09836,0.99968,0.000158642,0.000161162
id24202,0.00607214,0.0034144,0.990513
id27260,0.17555,0.0150821,0.809368
id23167,0.000758086,4.88256e-05,0.999193
id10393,6.49114e-05,0.999921,1.3817e-05
id01171,0.977368,0.0162251,0.00640715
id06380,0.998531,0.000392419,0.00107656
id22686,0.00148622,7.96709e-05,0.998434
id26250,0.0165195,0.00055705,0.982923
id09315,0.00166863,0.997583,0.000748342
id00886,0.0012222,0.997653,0.00112431
id03101,0.967862,0.0219794,0.0101586
id12367,0.992768,0.00254376,0.0046883
id10770,0.953087,0.0220405,0.0248724
id14949,0.000368496,0.999517,0.000114816
id14141,0.00619977,0.992295,0.00150507
id25417,0.0200322,0.978663,0.00130452
id26873,0.999568,0.000100113,0.000332378
id10818,0.0124244,0.00239238,0.985183
id15146,0.847067,0.0186685,0.134265
id23328,0.998823,0.000336827,0.000840193
id16765,0.683682,0.192733,0.123585
id24383,0.999792,4.16845e-05,0.000166689
id21304,0.999705,5.26106e-05,0.000242063
id12551,0.000464067,0.999415,0.000121012
id23274,0.00379265,0.000221204,0.995986
id08117,0.969323,0.0174897,0.0131875
id23961,0.99891,0.000240781,0.000849086
id13865,0.41552,0.573379,0.0111006
id22807,0.0556083,0.0245468,0.919845
id08951,0.0132778,0.000750551,0.985972
id18684,0.997818,0.00185063,0.000331342
id25179,0.00171329,0.995254,0.00303314
id27033,0.993987,0.00114934,0.00486372
id13977,0.00783673,0.978512,0.0136512
id19337,0.000310745,0.999577,0.000111926
id25764,0.000322873,0.999261,0.000416374
id16106,0.00716814,0.0038912,0.988941
id05468,0.00509267,0.00037116,0.994536
id05241,0.999898,1.53327e-05,8.70606e-05
id10215,0.0142805,0.00114547,0.984574
id23457,0.00172782,0.000250196,0.998022
id02200,0.99576,0.000270599,0.00396895
id13714,0.0174697,0.973608,0.00892183
id20332,0.000158281,1.30933e-05,0.999829
id18573,0.00419063,0.000492342,0.995317
id08569,0.368629,0.295645,0.335726
id22767,0.0250075,0.85851,0.116482
id25390,0.0226782,0.951169,0.0261523
id09288,0.985192,0.00256148,0.0122461
id12381,0.998624,0.000219253,0.0011571
id02895,0.00803505,0.000726386,0.991239
id25270,0.000375365,3.05997e-05,0.999594
id14248,0.806781,0.00564839,0.187571
id12831,0.99991,1.87539e-05,7.16817e-05
id18305,0.644074,0.00376765,0.352158
id07805,0.999506,7.43948e-05,0.00041988
id14027,0.0155815,0.000973571,0.983445
id02760,0.342719,0.0284644,0.628817
id24362,0.999848,4.47737e-05,0.000107177
id17065,9.61399e-05,0.999849,5.43301e-05
id26583,0.0237747,0.88172,0.0945055
id19664,0.999782,2.05381e-05,0.000197393
id25145,0.984116,0.00748043,0.00840388
id17858,0.00052188,0.999333,0.000144943
id05148,0.043033,0.130362,0.826605
id22928,0.897756,0.0604612,0.0417828
id21549,0.99903,0.000169967,0.000799916
id12649,0.154657,0.83812,0.0072228
id21597,0.997904,0.000515694,0.00158022
id27945,0.999478,8.0246e-05,0.000441958
id00243,0.99903,0.000147859,0.00082188
id02745,0.999974,9.10053e-06,1.70234e-05
id23550,0.0251588,0.00933953,0.965502
id13023,0.0108543,0.000650939,0.988495
id24796,0.000978311,9.32333e-05,0.998928
id12284,0.000318994,0.999465,0.000216046
id02664,0.000234387,0.9994,0.000365699
id23767,0.996783,0.000749405,0.00246722
id05859,0.000419468,0.998879,0.000701457
id14350,0.00779539,0.00165756,0.990547
id01191,0.149601,0.810341,0.040058
id17034,0.00398626,0.000274279,0.995739
id25292,0.998396,0.000595038,0.00100878
id22121,0.998047,0.000685144,0.00126792
id20872,0.999058,0.000300775,0.000641542
id17720,0.000465791,0.999435,9.87308e-05
id22658,0.00143733,0.998277,0.000286066
id09567,0.983156,0.00314687,0.013697
id16445,0.999519,7.65519e-05,0.000404329
id08349,0.911243,0.0121019,0.076655
id27437,0.0142182,0.00284502,0.982937
id03812,0.924555,0.0244041,0.0510415
id22304,0.726237,0.0225622,0.2512
id04449,0.0178936,0.974288,0.00781873
id15605,0.000579966,8.45891e-05,0.999335
id01768,0.998099,0.00103671,0.000864249
id20019,0.000311245,0.999515,0.000173578
id09593,0.000183658,0.999668,0.000148236
id23179,0.0613473,0.00711929,0.931533
id21279,0.9999,1.35904e-05,8.67757e-05
id06711,0.00844243,0.00159274,0.989965
id14243,0.000120693,0.999831,4.80443e-05
id04839,0.0328945,0.0143318,0.952774
id17220,0.0163306,0.966115,0.0175548
id24177,0.999873,2.40076e-05,0.000102576
id20512,0.00224248,0.000169,0.997589
id14036,4.37352e-05,0.99991,4.5812e-05
id25001,0.00114555,0.000107111,0.998747
id06175,4.57959e-05,0.999933,2.16894e-05
id24720,0.000849038,0.999061,9.02839e-05
id08070,0.969041,0.0183784,0.0125804
id18934,0.996432,0.000897502,0.00267036
id01338,0.997061,0.000201237,0.00273732
id19008,0.000295571,0.99956,0.000144623
id19632,0.00371765,0.995726,0.000555866
id26224,0.00208749,0.000283595,0.997629
id08219,0.992434,0.000514854,0.00705162
id24008,0.000594824,8.38708e-05,0.999321
id12475,0.00069028,0.999194,0.000116095
id05766,0.0680667,0.0027267,0.929207
id27386,0.00134023,0.998266,0.000393959
id12476,9.84409e-05,0.999813,8.85912e-05
id08311,0.561176,0.0598425,0.378981
id04996,0.977065,0.0173631,0.00557212
id17350,0.000418807,0.999441,0.000140487
id05546,0.00100948,0.99859,0.00040032
id16504,0.00104837,0.998631,0.000321199
id05782,0.000290748,2.56505e-05,0.999684
id20560,0.993652,0.00259343,0.00375439
id14171,0.00104446,0.000138189,0.998817
id27461,0.0355221,0.00160874,0.962869
id03581,0.18974,0.00976896,0.800491
id21847,0.00328505,0.00410944,0.992605
id11712,0.996793,0.000288331,0.00291884
id26738,0.00589281,0.000486164,0.993621
id13668,0.999401,0.000150133,0.000449303
id15114,0.998563,0.000379737,0.00105685
id20130,0.985441,0.0020757,0.0124829
id18331,0.0260208,0.00550228,0.968477
id24465,0.99998,6.55866e-06,1.3161e-05
id13539,0.990491,0.00643649,0.00307282
id27564,0.00277768,0.996672,0.000550533
id26043,0.443157,0.00215547,0.554687
id04965,0.000365982,9.14599e-06,0.999625
id08645,0.00298187,0.000381299,0.996637
id26610,0.965019,0.0224931,0.0124881
id21737,0.857599,0.124352,0.0180488
id25784,0.000296878,0.999463,0.000239991
id23030,0.999763,7.09323e-05,0.000166463
id16450,5.37735e-05,0.99993,1.67358e-05
id02161,0.26594,0.027601,0.706459
id25535,0.979962,0.000666857,0.0193715
id16566,0.999847,3.63544e-05,0.000116633
id05714,0.998355,0.000497054,0.00114833
id16524,0.884162,0.0952654,0.0205724
id23941,5.72347e-05,0.999883,5.98671e-05
id00831,0.00261859,0.000347893,0.997033
id18145,0.997838,0.000574189,0.00158743
id17227,0.999723,4.85369e-05,0.000228718
id09417,0.981418,0.00416596,0.0144159
id21307,0.953975,0.0216685,0.0243568
id05650,0.000353766,0.999581,6.47752e-05
id23901,0.263411,0.71097,0.0256193
id05831,0.999058,0.000160376,0.000781677
id16708,0.41863,0.533825,0.0475444
id02281,0.108789,0.0117291,0.879482
id11599,0.465875,0.107642,0.426483
id18353,0.517028,0.405863,0.0771084
id07413,0.134537,0.857271,0.00819209
id15653,0.0031925,0.995926,0.00088129
id09715,0.00172688,0.000193193,0.99808
id05108,0.000332858,0.999609,5.83208e-05
id09537,0.518563,0.0321022,0.449334
id27596,0.997296,0.00196118,0.00074308
id24255,0.0101275,0.000521072,0.989351
id05080,0.000376807,3.38924e-05,0.999589
id09484,0.997904,0.0013209,0.000775074
id14864,0.0203079,0.000627646,0.979064
id26836,0.879412,0.0552565,0.065332
id07003,0.546212,0.425927,0.0278608
id13750,6.52389e-05,0.999881,5.40198e-05
id21799,0.0058666,0.00747945,0.986654
id11285,0.999851,5.01634e-05,9.83262e-05
id04735,0.98813,0.00832161,0.00354824
id23049,0.000272149,2.75185e-05,0.9997
id05826,0.0916118,0.891216,0.0171719
id17916,0.0707145,0.926262,0.00302344
id14081,0.0358874,0.000758235,0.963354
id10527,0.0270553,0.00142781,0.971517
id16059,0.00113233,0.997666,0.00120221
id25542,0.999571,0.000159115,0.000269479
id05402,0.000504427,5.13532e-06,0.99949
id01927,0.899335,0.0521825,0.048482
id27656,0.997869,0.000550323,0.00158018
id06708,0.58012,0.283419,0.136461
id03524,0.960189,0.00616924,0.0336415
id12297,0.0473184,0.0042359,0.948446
id03439,0.998023,0.0011638,0.000813212
id04587,0.000221516,0.999617,0.000161395
id25470,0.00532411,0.994373,0.000303246
id01212,0.00355649,0.994346,0.00209753
id13932,0.951535,0.0336435,0.0148218
id00124,0.03668,0.00137339,0.961947
id01592,0.993433,0.00267782,0.00388887
id13461,0.846066,0.0126766,0.141257
id24681,0.00232813,0.000956196,0.996716
id23245,0.302328,0.00255709,0.695115
id14073,0.00286126,0.000237127,0.996902
id05172,0.99949,5.01916e-05,0.000460251
id21979,0.038806,0.026063,0.935131
id00328,0.504067,0.0101422,0.485791
id26102,0.998377,0.00129959,0.000322966
id14867,0.00754768,0.000541862,0.991911
id27544,0.000425816,0.999507,6.7212e-05
id16228,0.999712,0.000104383,0.000183806
id16342,0.743018,0.233634,0.0233478
id24933,0.999866,2.2362e-05,0.000111309
id04601,0.240728,0.49116,0.268111
id01599,0.000104475,0.999823,7.20908e-05
id06238,0.99992,1.83455e-05,6.1297e-05
id06826,0.814181,0.0533541,0.132465
id23307,0.570467,0.419718,0.00981464
id13575,0.99951,0.00014302,0.000347159
id24174,0.86978,0.00183124,0.128389
id19534,0.0595918,0.0231749,0.917233
id19602,0.0176098,0.000946908,0.981443
id26962,0.000395009,0.999235,0.000370492
id04448,0.0281342,0.970529,0.00133642
id09786,0.00123017,0.997505,0.00126445
id25240,0.569547,0.0949064,0.335547
id14893,0.998796,0.000492018,0.000712145
id24221,0.998915,0.000178439,0.000906574
id04696,0.986839,0.00878084,0.00437993
id15153,0.00762351,0.987117,0.00525999
id13882,4.79218e-05,0.999928,2.39808e-05
id17836,0.00173342,0.997918,0.000348946
id00574,0.0159451,0.980429,0.00362576
id02078,0.00435348,0.994156,0.00149097
id21206,0.008605,0.988996,0.00239931
id20084,0.965306,0.00684507,0.0278486
id26598,0.0112606,0.000784262,0.987955
id06838,0.0063973,0.000203552,0.993399
id08786,0.00423582,0.000530875,0.995233
id09550,0.00586447,0.00460237,0.989533
id10206,0.395639,0.00998286,0.594378
id21113,0.999639,7.79015e-05,0.00028312
id21151,0.000320943,0.999542,0.000137296
id02692,0.999288,5.88462e-05,0.000653087
id26446,0.860272,0.00657887,0.13315
id07377,0.357276,0.595214,0.04751
id15998,0.0817018,0.0481492,0.870149
id19637,0.997318,0.000366212,0.00231576
id19735,0.00475656,0.992918,0.00232501
id13739,0.0287058,0.00995537,0.961339
id25175,0.967891,0.0259944,0.00611416
id00563,0.755561,0.0622173,0.182222
id09982,0.998912,0.000168708,0.000918946
id15459,0.000314789,0.999613,7.20582e-05
id20785,0.00166402,0.000165741,0.99817
id07145,0.000905346,0.000112196,0.998982
id22204,0.0097424,0.988423,0.00183502
id09285,0.995278,0.000251952,0.00446975
id18157,0.001436,9.95058e-05,0.998464
id12134,0.000799292,0.000104518,0.999096
id23914,0.999555,5.35294e-05,0.000391721
id10483,0.998656,0.000506698,0.000837051
id07092,0.997702,0.000533662,0.00176465
id14786,0.432298,0.548028,0.0196733
id25741,0.999799,1.09887e-05,0.000190259
id09050,0.00140955,0.998438,0.000152298
id04938,0.0840087,0.179983,0.736008
id05901,0.964812,0.00222281,0.0329652
id16975,0.000142537,0.999826,3.18729e-05
id08547,0.00431861,0.00022839,0.995453
id16355,0.989858,0.0066483,0.00349333
id14568,0.236384,0.0104143,0.753201
id25599,0.00357187,0.991383,0.00504545
id01670,0.000174656,0.999753,7.21189e-05
id23945,0.000469755,0.99945,8.03909e-05
id17394,0.00156373,0.000255602,0.998181
id06501,0.133131,0.803121,0.063748
id26234,0.000724967,0.999143,0.000132059
id21280,0.0133359,0.0001457,0.986518
id20048,0.00499616,0.000787595,0.994216
id01216,0.0515477,0.807902,0.14055
id25320,0.977011,0.00552366,0.0174656
id22833,0.142442,0.0308584,0.826699
id22056,0.158517,0.829681,0.0118026
id02275,0.000219961,0.999622,0.000157568
id26127,0.999313,0.000110233,0.000576715
id17011,0.0268002,0.967079,0.00612124
id13847,0.998248,0.000737298,0.00101479
id00013,0.000178812,0.999724,9.6887e-05
id16463,0.99942,0.00043547,0.000144218
id04845,0.06298,0.893668,0.0433523
id01787,0.00976111,0.00153664,0.988702
id08637,0.981725,0.00527941,0.0129958
id11414,0.00138235,3.21974e-05,0.998585
id13177,0.0142011,0.919311,0.066488
id24517,0.999671,9.61992e-05,0.000232615
id26838,0.513019,0.423036,0.0639445
id23081,0.000626974,0.999153,0.00021954
id16327,0.00468816,0.994361,0.000950992
id27282,0.0189052,0.977844,0.00325028
id07489,0.0435457,0.00231858,0.954136
id01718,0.00277973,0.000430773,0.99679
id15441,0.993182,0.00543612,0.00138183
id27736,0.000113403,0.999802,8.447e-05
id16324,0.0169058,0.476447,0.506647
id12027,0.0123047,0.0042918,0.983404
id24653,0.000255786,0.999698,4.60504e-05
id17541,0.024767,0.00152818,0.973705
id22406,0.0244476,0.91147,0.0640827
id18356,0.887075,0.109211,0.00371425
id04505,0.221124,0.742124,0.0367521
id04246,0.646012,0.0816806,0.272307
id07368,0.999725,9.39652e-05,0.00018148
id26185,0.000367215,2.85619e-05,0.999604
id08878,0.0168352,0.00474456,0.97842
id27691,0.00258314,0.000204848,0.997212
id18004,0.988002,0.00898256,0.00301542
id24426,0.997834,0.000478861,0.00168708
id14164,0.905199,0.0508426,0.0439588
id12653,7.8746e-05,0.999883,3.77315e-05
id18060,0.257415,0.028053,0.714532
id18556,0.0522001,0.0232804,0.924519
id27371,0.00040665,5.86975e-05,0.999535
id11989,0.00331452,0.994926,0.00175945
id26095,0.999756,4.64413e-05,0.000197217
id24978,0.196659,0.0237039,0.779637
id20322,0.00897175,0.000175839,0.990852
id01954,0.99701,0.00151052,0.00147966
id07434,0.904789,0.00980908,0.0854016
id18144,0.00284351,0.000400423,0.996756
id16250,0.000711954,0.999126,0.000162336
id17793,0.000273458,2.38602e-05,0.999703
id24067,0.140518,0.0292298,0.830253
id13891,0.000385145,1.80324e-05,0.999597
id07334,0.00167628,0.997918,0.000405943
id15633,0.000121616,0.999839,3.91067e-05
id23239,0.905175,0.0089429,0.0858821
id10674,0.935846,0.0448195,0.0193342
id22093,0.2494,0.582364,0.168235
id08444,0.0893879,0.519143,0.391469
id03257,0.00114604,0.000245425,0.998609
id10040,0.000325308,0.999597,7.74658e-05
id04902,0.000221499,1.11016e-05,0.999767
id01219,0.982652,0.015604,0.00174375
id01340,0.998877,0.000517246,0.0006054
id05117,0.000493667,0.999367,0.000139179
id04908,0.119203,0.0103947,0.870402
id03626,0.00146196,0.000154129,0.998384
id01888,0.999922,1.48049e-05,6.32117e-05
id17199,0.0121747,0.000769412,0.987056
id11200,0.764937,0.217124,0.0179389
id27561,0.856513,0.0632142,0.080273
id20966,0.000589842,0.999345,6.54966e-05
id10257,0.000101139,0.999873,2.56548e-05
id21168,0.000724266,0.99903,0.000245431
id23363,0.000851673,9.82699e-05,0.99905
id05321,0.999904,2.1533e-05,7.44498e-05
id09928,0.00068014,3.57081e-05,0.999284
id18015,0.999482,6.30295e-05,0.000455235
id02082,8.17605e-05,0.999892,2.58945e-05
id19279,0.299844,0.685133,0.0150228
id08541,0.000337298,0.999531,0.000131248
id15249,0.00472116,0.994342,0.000937229
id03609,0.000701463,0.998364,0.000934399
id22902,0.000788395,8.18779e-05,0.99913
id17733,0.998414,0.00122276,0.000363317
id07554,0.00558738,0.012285,0.982128
id14120,0.939015,0.052556,0.00842941
id21802,0.00648177,0.986772,0.00674648
id15614,0.00017354,0.999793,3.3103e-05
id19437,0.00112012,0.000117415,0.998762
id22698,0.996128,0.00255885,0.00131318
id21841,0.000189977,0.999765,4.48982e-05
id16177,0.999133,0.000208694,0.000658636
id15887,0.017416,0.0228498,0.959734
id22629,0.593295,0.021885,0.38482
id10346,0.998958,0.000351548,0.000690478
id05154,0.631806,0.0143335,0.353861
id22913,0.757516,0.0645569,0.177927
id10544,0.00524145,0.984032,0.0107267
id08703,0.000387705,0.999524,8.78223e-05
id12817,0.00551626,0.00043654,0.994047
id25433,0.435749,0.0167504,0.5475
id25112,0.00127517,7.19063e-05,0.998653
id05054,0.00411878,0.989226,0.00665485
id02311,0.000219812,0.999385,0.000395612
id22160,0.00310542,0.995156,0.00173899
id17422,0.999519,7.94587e-05,0.000402039
id18985,0.996491,0.000379075,0.00313039
id21905,0.0290562,0.00164421,0.9693
id17474,0.999289,0.000233989,0.00047744
id15236,5.67965e-05,0.999901,4.26222e-05
id13964,0.994497,0.00161955,0.00388359
id15962,0.00198792,0.997772,0.000240182
id20866,0.0415269,0.00345186,0.955021
id06625,0.00857397,0.000978763,0.990447
id09793,0.996435,0.00103657,0.00252883
id17365,0.000488891,0.99937,0.00014089
id18463,0.0002738,0.999564,0.000161904
id20693,0.00731406,0.991023,0.00166329
id08785,0.000220713,0.999688,9.15745e-05
id06783,0.00574432,0.988837,0.00541888
id23178,0.0427619,0.000904866,0.956333
id13513,0.000297391,0.999493,0.000209457
id25361,0.0178567,0.00675276,0.97539
id22319,0.956112,0.0104943,0.0333933
id14024,0.245119,0.0732453,0.681635
id24186,8.99445e-05,0.999887,2.34061e-05
id20965,0.997837,0.000490539,0.00167242
id06242,0.0106942,0.00192855,0.987377
id25665,0.00865324,0.0020088,0.989338
id09706,0.0769529,0.00418452,0.918863
id11026,0.000128421,0.999754,0.000117256
id04223,0.999644,4.76477e-05,0.000308645
id19674,0.000536691,0.998525,0.000938294
id23420,0.0116441,0.0983709,0.889985
id18059,0.00699141,0.98847,0.00453849
id22576,0.989089,0.00347914,0.00743218
id18495,0.000304194,0.999561,0.00013514
id14139,0.995403,0.000738909,0.00385777
id18313,0.000319513,0.999596,8.49437e-05
id27356,0.833495,0.130508,0.0359967
id16035,0.00255689,0.000264641,0.997178
id04182,0.14786,0.847828,0.00431214
id15667,0.967972,0.0166861,0.0153416
id08713,0.996327,0.00101744,0.00265577
id25563,0.000153168,0.999729,0.000117331
id17023,0.997096,0.000775628,0.00212869
id03014,0.00385768,0.99256,0.00358229
id23812,0.000389376,0.999528,8.27421e-05
id20057,0.475242,0.222967,0.301792
id12385,0.950823,0.0433945,0.00578268
id24416,0.000879063,0.999056,6.46204e-05
id15672,0.000285236,0.999601,0.000113585
id13868,0.999643,5.02431e-05,0.000307133
id21095,0.0551361,0.00856707,0.936297
id05305,0.593271,0.312901,0.0938285
id15384,0.00285503,0.000328773,0.996816
id14049,0.105511,0.00135953,0.89313
id23441,0.955417,0.0111546,0.0334284
id12856,0.00227624,0.000381135,0.997343
id16055,0.0148983,0.00411362,0.980988
id24771,0.283541,0.708586,0.00787291
id14053,0.995974,0.000260748,0.00376544
id19547,0.00406613,0.0166886,0.979245
id03639,3.47471e-05,0.999946,1.97213e-05
id14546,0.000315011,0.999591,9.37142e-05
id13935,0.0426942,0.00517984,0.952126
id20335,0.0173391,0.978874,0.00378715
id07301,0.0265708,0.00624591,0.967183
