id,EAP,HPL,MWS
id02310,0.304935,0.106221,0.588844
id24541,0.976891,0.0100777,0.0130315
id00134,0.0608026,0.895334,0.0438635
id27757,0.977309,0.0113454,0.0113454
id04081,0.42022,0.158293,0.421487
id27337,0.977654,0.0111731,0.0111731
id24265,0.968256,0.0158721,0.0158721
id25917,0.0559671,0.0577933,0.88624
id04951,0.994814,0.00259279,0.00259279
id14549,0.890961,0.0414712,0.0675677
id22505,0.24255,0.608597,0.148853
id24002,0.0410699,0.91786,0.0410699
id18982,0.000545321,0.000545321,0.998909
id15181,0.441738,0.426151,0.132112
id21888,0.837755,0.0811226,0.0811226
id12035,0.0618165,0.0618165,0.876367
id17991,0.105363,0.0849094,0.809728
id10707,0.993992,0.00282979,0.00317793
id07101,0.5625,0.247684,0.189816
id00345,0.990142,0.00492914,0.00492914
id05912,0.471246,0.148625,0.380128
id13443,0.882024,0.0589881,0.0589881
id09248,0.576813,0.195871,0.227316
id17542,0.296148,0.168387,0.535465
id06995,0.0491539,0.0241717,0.926674
id25159,0.0884802,0.0884802,0.82304
id25729,0.458811,0.270848,0.270341
id26949,0.904453,0.0414025,0.0541442
id27191,0.00415131,0.00415131,0.991697
id07668,0.000545146,0.000545146,0.99891
id02230,0.01786,0.01786,0.96428
id15553,0.964502,0.0140144,0.0214835
id25688,0.00273086,0.994538,0.00273086
id17545,0.739698,0.130151,0.130151
id13929,0.208802,0.206369,0.584829
id12880,0.877285,0.0613575,0.0613575
id19282,0.655917,0.136081,0.208001
id14690,0.0508694,0.0508694,0.898261
id17975,0.171666,0.656667,0.171666
id08037,0.995013,0.00249349,0.00249349
id15412,0.155294,0.062221,0.782485
id25032,0.489888,0.133313,0.376799
id27165,0.981076,0.00946194,0.00946194
id03327,0.96158,0.0192098,0.0192098
id18515,0.973531,0.0128889,0.0135799
id21003,0.0389107,0.0389107,0.922179
id23855,0.0450048,0.858065,0.0969306
id20724,0.279905,0.147755,0.57234
id13303,0.610861,0.194569,0.194569
id16521,0.191711,0.618459,0.18983
id20775,0.988619,0.00569029,0.00569029
id13029,0.984106,0.00794715,0.00794715
id14660,0.850797,0.0746015,0.0746015
id11028,0.0170704,0.0170704,0.965859
id14180,0.98572,0.00714024,0.00714024
id25860,0.993146,0.00342692,0.00342692
id11910,0.0370819,0.0302924,0.932626
id08065,0.0161084,0.0161084,0.967783
id22674,0.00110509,0.00110509,0.99779
id25018,0.707469,0.0976497,0.194881
id10892,0.245637,0.506406,0.247957
id10217,0.172337,0.580399,0.247264
id12996,0.460289,0.122994,0.416717
id18262,0.935207,0.0240417,0.0407514
id08606,0.00353697,0.992926,0.00353697
id17233,0.563227,0.149534,0.287239
id00101,0.0572558,0.885488,0.0572558
id12225,0.489091,0.144436,0.366472
id01364,0.195103,0.617057,0.18784
id24973,0.0440176,0.0440176,0.911965
id25363,0.0020394,0.0020394,0.995921
id10061,0.879694,0.0467506,0.0735554
id17673,0.21208,0.1522,0.63572
id13249,0.408983,0.144605,0.446412
id10107,0.0678534,0.0678534,0.864293
id04403,0.969497,0.0152516,0.0152516
id25728,0.714062,0.139582,0.146356
id16184,0.158407,0.158407,0.683186
id03438,0.0417272,0.0361228,0.92215
id22923,0.000519924,0.99896,0.000519924
id08610,0.959033,0.0204834,0.0204834
id25355,0.0734971,0.0264867,0.900016
id16916,0.277615,0.537526,0.184859
id12793,0.165155,0.626088,0.208757
id11859,0.593388,0.0846349,0.321977
id02434,0.981641,0.00917963,0.00917963
id27703,0.0107692,0.0107692,0.978462
id25212,0.17883,0.114754,0.706416
id11308,0.139036,0.139036,0.721928
id26094,0.905514,0.0472428,0.0472428
id22080,0.733194,0.133403,0.133403
id03545,0.846384,0.0801369,0.073479
id23725,0.0168881,0.0168881,0.966224
id12009,0.787142,0.0581333,0.154725
id24241,0.337929,0.201069,0.461002
id03596,0.416355,0.44614,0.137505
id10749,0.117366,0.747761,0.134873
id22794,0.000559486,0.000559486,0.998881
id15482,0.0734485,0.830511,0.0960408
id04833,0.754549,0.132824,0.112628
id00397,0.000581131,0.000581131,0.998838
id14691,0.00139668,0.00139668,0.997207
id05193,0.0260924,0.0260924,0.947815
id19541,0.977535,0.0108904,0.0115747
id22166,0.00139473,0.00139473,0.997211
id20744,0.00201204,0.00201204,0.995976
id10392,0.000275954,0.000275954,0.999448
id00770,0.996316,0.00184174,0.00184174
id06018,0.889621,0.0589345,0.0514444
id15678,0.298895,0.112837,0.588269
id08305,0.333302,0.314392,0.352307
id08903,0.0320459,0.0320459,0.935908
id14752,0.932271,0.0338643,0.0338643
id12468,0.0336216,0.932757,0.0336216
id05085,0.959343,0.0194665,0.0211906
id21993,0.767242,0.0800209,0.152737
id15503,0.67748,0.148296,0.174224
id03021,0.357023,0.153104,0.489873
id16123,0.917209,0.0413957,0.0413957
id19383,0.978747,0.0106262,0.0106262
id04186,0.989784,0.00510808,0.00510808
id17954,0.000621855,0.000621855,0.998756
id12030,0.196446,0.10613,0.697424
id13020,0.50501,0.364266,0.130724
id25327,0.00270466,0.994591,0.00270466
id16344,0.126559,0.0868207,0.78662
id12303,0.730862,0.186516,0.0826216
id15017,0.99296,0.00351989,0.00351989
id22308,0.10963,0.602756,0.287614
id06536,0.0904092,0.399754,0.509836
id19797,0.517127,0.162471,0.320403
id06332,0.322734,0.490684,0.186583
id22941,0.0990828,0.39276,0.508158
id13547,0.0616508,0.583933,0.354416
id06928,0.141691,0.0598835,0.798426
id12521,0.127459,0.334999,0.537542
id25716,0.686427,0.0725183,0.241055
id27116,0.00277863,0.00277863,0.994443
id19941,0.0105079,0.978984,0.0105079
id05711,0.000774312,0.000774312,0.998451
id02097,0.0028999,0.0028999,0.9942
id03563,0.00101757,0.997965,0.00101757
id02295,0.205582,0.588837,0.205582
id08179,0.972004,0.013998,0.013998
id05332,0.570289,0.207935,0.221776
id15697,0.456535,0.307891,0.235574
id17026,0.455901,0.16342,0.38068
id04243,0.4179,0.44599,0.136109
id13175,0.98325,0.00677671,0.00997367
id05387,0.194773,0.13745,0.667777
id19989,0.825022,0.0783141,0.0966637
id25173,0.0222838,0.0222838,0.955432
id08925,0.403199,0.496235,0.100567
id03034,0.0127094,0.974581,0.0127094
id13272,0.0110966,0.977807,0.0110966
id07956,0.0226655,0.0202059,0.957129
id02648,0.197265,0.158706,0.644029
id01778,0.0906678,0.0906678,0.818664
id12846,0.00115287,0.00115287,0.997694
id19001,0.478934,0.113597,0.407469
id05763,0.399527,0.220565,0.379908
id15590,0.0273053,0.0234701,0.949225
id04912,0.986162,0.00691899,0.00691899
id21201,0.944283,0.0278585,0.0278585
id13215,0.893316,0.0293221,0.0773618
id15612,0.0294138,0.941172,0.0294138
id18501,0.433156,0.379244,0.1876
id07223,0.655774,0.194825,0.149401
id06707,0.180059,0.148336,0.671605
id05238,0.0103613,0.979277,0.0103613
id00935,0.102097,0.150877,0.747027
id00110,0.517996,0.0721248,0.409879
id17476,0.771417,0.114291,0.114291
id15170,0.91275,0.0436248,0.0436248
id13397,0.0179888,0.0179888,0.964023
id24283,0.883634,0.0329599,0.0834059
id15234,0.987892,0.00584849,0.00625946
id16884,0.0245588,0.950882,0.0245588
id07831,0.501372,0.286385,0.212243
id16038,0.824555,0.0877227,0.0877227
id03629,0.921506,0.0337565,0.0447374
id21019,0.587001,0.158933,0.254065
id21835,0.104764,0.790472,0.104764
id04480,0.142468,0.76397,0.093562
id20838,0.319625,0.342401,0.337974
id24195,0.766403,0.103208,0.13039
id05448,0.988288,0.00585577,0.00585577
id15957,0.37251,0.411623,0.215868
id19956,0.0171098,0.0171098,0.96578
id15104,0.021997,0.021997,0.956006
id17559,0.86704,0.06648,0.06648
id16839,0.0116298,0.0116298,0.97674
id14493,0.108441,0.0752848,0.816274
id08833,0.969572,0.0124432,0.0179852
id15723,0.376147,0.110576,0.513277
id02716,0.994557,0.00272146,0.00272146
id06689,0.0353206,0.936487,0.0281925
id18837,0.526983,0.0921692,0.380848
id04466,0.991793,0.00410367,0.00410367
id00686,0.96275,0.0142789,0.022971
id09010,0.010107,0.979786,0.010107
id23353,0.975329,0.0123328,0.0123378
id00066,0.919269,0.0403653,0.0403653
id15724,0.100875,0.666109,0.233015
id23486,0.0909118,0.0692944,0.839794
id22258,0.046849,0.0506066,0.902544
id02292,0.393702,0.425907,0.180391
id16356,0.278901,0.322644,0.398455
id00235,0.43624,0.229606,0.334154
id25522,0.000802779,0.000802779,0.998394
id04204,0.152531,0.694938,0.152531
id22016,0.327506,0.185556,0.486938
id06480,0.00216741,0.995665,0.00216741
id08718,0.163224,0.109984,0.726792
id05251,0.0142835,0.97507,0.0106463
id03359,0.129063,0.47977,0.391167
id16117,0.046696,0.046696,0.906608
id17000,0.00516812,0.989664,0.00516812
id01730,0.00554694,0.988906,0.00554694
id00630,0.992933,0.0035337,0.0035337
id18175,0.218722,0.0656222,0.715656
id00907,0.088381,0.0608927,0.850726
id18251,0.000498166,0.999004,0.000498166
id25861,0.64643,0.178182,0.175388
id00398,0.214484,0.547856,0.23766
id27573,0.821557,0.0592981,0.119145
id10022,0.0178623,0.0178623,0.964275
id15901,0.000764878,0.000764878,0.99847
id00451,0.014482,0.014482,0.971036
id23129,0.0200986,0.959803,0.0200986
id26498,0.692784,0.0526433,0.254573
id14741,0.352692,0.1004,0.546909
id18453,0.521405,0.112269,0.366326
id08309,0.801277,0.0993616,0.0993616
id00320,0.936878,0.0211417,0.0419807
id07688,0.226254,0.378795,0.394952
id01556,0.000597545,0.000597545,0.998805
id00178,0.165281,0.165281,0.669439
id18902,0.0504585,0.0504585,0.899083
id27002,0.399027,0.353684,0.247289
id21418,0.99603,0.00198483,0.00198483
id23018,0.251487,0.552206,0.196307
id07032,0.0031555,0.0031555,0.993689
id16195,0.173813,0.0781539,0.748033
id11202,0.120161,0.759677,0.120161
id09578,0.683884,0.0998105,0.216306
id26984,0.377726,0.105519,0.516756
id19856,0.0029185,0.994163,0.0029185
id12086,0.401009,0.209398,0.389593
id12052,0.183509,0.116704,0.699787
id17728,0.00144088,0.00144088,0.997118
id24608,0.0857405,0.0857405,0.828519
id21097,0.160885,0.0950545,0.74406
id20179,0.00453465,0.00453465,0.990931
id15144,0.37254,0.110933,0.516527
id00206,0.264253,0.489229,0.246518
id22285,0.61854,0.11447,0.26699
id06417,0.792199,0.123675,0.084126
id00215,0.00979671,0.980407,0.00979671
id04201,0.12124,0.564131,0.314629
id21771,0.610608,0.237554,0.151838
id12451,0.00949231,0.981015,0.00949231
id14250,0.0974189,0.805162,0.0974189
id03433,0.924273,0.0378633,0.0378633
id03303,0.0248079,0.0248079,0.950384
id25901,0.0669277,0.0777468,0.855325
id06945,0.926069,0.035181,0.03875
id05664,0.818099,0.0514344,0.130467
id05741,0.993769,0.0031086,0.00312213
id10652,0.857983,0.0710083,0.0710083
id16300,0.840147,0.0613253,0.0985276
id12319,0.861334,0.0693329,0.0693329
id07500,0.00157466,0.996851,0.00157466
id12478,0.324969,0.248514,0.426516
id03076,0.00149224,0.00149224,0.997015
id00969,0.160589,0.303501,0.53591
id23636,0.087992,0.824016,0.087992
id09791,0.0588721,0.0588721,0.882256
id05680,0.221677,0.556646,0.221677
id03672,0.0137732,0.972454,0.0137732
id04286,0.00845217,0.983096,0.00845217
id23883,0.790467,0.0753453,0.134188
id11914,0.0801506,0.0299577,0.889892
id20974,0.0803929,0.860188,0.0594188
id26125,0.00726724,0.00726724,0.985466
id15543,0.0685825,0.0685825,0.862835
id19471,0.961392,0.0193043,0.0193043
id11503,0.235435,0.165184,0.59938
id09321,0.202552,0.36164,0.435808
id25560,0.000389989,0.000389989,0.99922
id06726,0.0728676,0.0756158,0.851517
id05709,0.996286,0.00185686,0.00185686
id09788,0.0768728,0.133104,0.790023
id05289,0.984391,0.00780473,0.00780473
id11815,0.00063169,0.998737,0.00063169
id22422,0.175789,0.335232,0.488979
id25954,0.151425,0.69715,0.151425
id13601,0.632209,0.195662,0.172129
id05677,0.850517,0.0219523,0.127531
id10498,0.839333,0.0823114,0.0783552
id02665,0.709211,0.0981896,0.1926
id10114,0.0415377,0.916924,0.0415377
id26314,0.991575,0.00406909,0.0043556
id21240,0.294322,0.208206,0.497471
id15569,0.973476,0.0132618,0.0132618
id25928,0.194396,0.611207,0.194396
id22706,0.904815,0.0475922,0.0475922
id20877,0.000368187,0.999264,0.000368187
id04318,0.332295,0.193103,0.474602
id18299,0.664104,0.072344,0.263552
id08126,0.00111297,0.00111297,0.997774
id14293,0.0500802,0.0500802,0.89984
id12759,0.220647,0.0448801,0.734473
id11983,0.130068,0.739864,0.130068
id05580,0.189812,0.430532,0.379655
id25846,0.0863218,0.853685,0.059993
id01939,0.412285,0.126922,0.460793
id26327,0.460329,0.162916,0.376755
id11068,0.000329147,0.000329147,0.999342
id08404,0.947134,0.0264331,0.0264331
id27189,0.780567,0.109717,0.109717
id15119,0.0347135,0.927926,0.0373607
id26525,0.982257,0.00887164,0.00887164
id03618,0.6769,0.16155,0.16155
id27220,0.252548,0.111996,0.635456
id18777,0.349795,0.0942316,0.555974
id20213,0.834251,0.0828743,0.0828743
id20403,0.792242,0.0293028,0.178455
id03777,0.64563,0.0990495,0.255321
id10595,0.941164,0.0294179,0.0294179
id13816,0.237158,0.0823707,0.680471
id05667,0.0166715,0.0148022,0.968526
id24629,0.817949,0.0667272,0.115324
id20398,0.0818633,0.0818633,0.836273
id14108,0.00510057,0.00510057,0.989799
id06196,0.0164132,0.967174,0.0164132
id02800,0.794252,0.105456,0.100292
id18732,0.147716,0.642014,0.21027
id11915,0.0106568,0.978686,0.0106568
id09739,0.869777,0.0651113,0.0651113
id24672,0.103793,0.0999472,0.796259
id00414,0.000356195,0.000356195,0.999288
id16307,0.920673,0.0314101,0.0479168
id14043,0.140234,0.108942,0.750824
id00517,0.000329619,0.000329619,0.999341
id09744,0.893213,0.0353352,0.0714517
id19257,0.943946,0.0280268,0.0280268
id15437,0.853795,0.0731026,0.0731026
id16352,0.0150033,0.0150033,0.969993
id18849,0.504696,0.167667,0.327637
id19434,0.0681723,0.863656,0.0681723
id17928,0.0708429,0.0708429,0.858314
id16896,0.104389,0.500976,0.394635
id02135,0.115427,0.689438,0.195135
id15075,0.994276,0.00286222,0.00286222
id27486,0.00225026,0.995499,0.00225026
id19422,0.938489,0.0307556,0.0307556
id09603,0.0634678,0.824576,0.111956
id02133,0.349414,0.457997,0.192589
id03441,0.990184,0.00365331,0.00616269
id02398,0.00123241,0.997535,0.00123241
id05152,0.161281,0.103083,0.735637
id17838,0.337631,0.390109,0.27226
id25060,0.891779,0.0541104,0.0541104
id09998,0.0959348,0.0949144,0.809151
id01828,0.120459,0.277334,0.602207
id25377,0.769128,0.106849,0.124023
id22175,0.00364566,0.992709,0.00364566
id02974,0.193803,0.0878981,0.718299
id26955,0.98703,0.00648527,0.00648527
id21091,0.98237,0.00881519,0.00881519
id12802,0.865796,0.0671021,0.0671021
id07432,0.586996,0.224056,0.188948
id18749,0.0559892,0.888022,0.0559892
id15030,0.00080933,0.00080933,0.998381
id17155,0.0217378,0.959612,0.0186497
id08128,0.0147942,0.970412,0.0147942
id25706,0.00507434,0.989851,0.00507434
id15645,0.982972,0.00851389,0.00851389
id04943,0.778063,0.110968,0.110968
id27566,0.624095,0.110457,0.265448
id11765,0.00473975,0.00473975,0.99052
id13783,0.723775,0.122851,0.153374
id00492,0.013927,0.0128101,0.973263
id27636,0.0556443,0.0557625,0.888593
id04273,0.0868089,0.128686,0.784505
id02537,0.285751,0.17129,0.542959
id24349,0.68936,0.146599,0.164041
id00023,0.0025778,0.994844,0.0025778
id23025,0.0221917,0.955616,0.0221917
id08722,0.455112,0.163272,0.381616
id02420,0.897188,0.0526436,0.0501685
id10811,0.974501,0.0127496,0.0127496
id04019,0.0013186,0.0013186,0.997363
id18334,0.960319,0.0198404,0.0198404
id16781,0.61137,0.19954,0.18909
id08773,0.2107,0.696643,0.0926572
id19214,0.692922,0.122566,0.184512
id09589,0.000126547,0.999747,0.000126547
id24246,0.957625,0.0211874,0.0211874
id23577,0.954421,0.0227895,0.0227895
id09305,0.573758,0.200345,0.225897
id16460,0.30554,0.0954856,0.598974
id21115,0.916859,0.036652,0.0464888
id25996,0.368257,0.264137,0.367606
id02551,0.0544794,0.891041,0.0544794
id19352,0.00581717,0.00581717,0.988366
id03806,0.000606464,0.000606464,0.998787
id26544,0.432834,0.104899,0.462267
id18761,0.665008,0.209156,0.125836
id24148,0.0872162,0.825567,0.0872162
id16095,0.0891177,0.518326,0.392556
id18442,0.251848,0.380781,0.367371
id22596,0.000765692,0.000765692,0.998469
id23002,0.185434,0.165223,0.649344
id04797,0.978641,0.0106795,0.0106795
id06610,0.0129812,0.0129812,0.974038
id16173,0.494932,0.205418,0.29965
id18292,0.0102121,0.0102121,0.979576
id27328,0.752522,0.0529221,0.194556
id01695,0.00413188,0.991736,0.00413188
id05761,0.736353,0.108909,0.154738
id16354,0.930492,0.0267727,0.0427352
id12207,0.0269078,0.0502253,0.922867
id05665,0.0791483,0.0766826,0.844169
id01911,0.801803,0.0983182,0.0998791
id19153,0.0679687,0.0314474,0.900584
id10295,0.588918,0.0722313,0.338851
id23038,0.200524,0.428371,0.371106
id23783,0.163038,0.581956,0.255006
id27879,0.946697,0.0266517,0.0266517
id19190,0.236168,0.535229,0.228603
id05065,0.416857,0.173089,0.410054
id21296,0.230407,0.667453,0.10214
id13262,0.0546643,0.0546643,0.890671
id10333,0.228439,0.0565043,0.715057
id16677,0.878647,0.0268915,0.0944618
id01392,0.0391412,0.0358439,0.925015
id27874,0.81189,0.094055,0.094055
id02294,0.687622,0.134948,0.17743
id18298,0.18512,0.229945,0.584935
id06997,0.977599,0.00831867,0.0140819
id05243,0.329906,0.299,0.371094
id00860,0.00346308,0.993074,0.00346308
id26681,0.642673,0.180504,0.176823
id06020,0.00123784,0.00123784,0.997524
id27683,0.415743,0.242175,0.342082
id17655,0.915458,0.0422711,0.0422711
id08817,0.0255192,0.0255192,0.948962
id11512,0.0136168,0.970863,0.0155197
id00478,0.732464,0.0969966,0.170539
id02116,0.975492,0.0120678,0.0124406
id06746,0.691582,0.0927415,0.215676
id03863,0.231791,0.231791,0.536417
id01802,0.19229,0.268156,0.539554
id11682,0.602098,0.0710178,0.326884
id04033,0.378309,0.369138,0.252554
id09286,0.00822764,0.983545,0.00822764
id12904,0.678966,0.0936006,0.227433
id07420,0.000794289,0.000794289,0.998411
id22398,0.00427642,0.991447,0.00427642
id00424,0.26969,0.101796,0.628514
id20960,0.93992,0.0272286,0.0328515
id10267,0.0126885,0.974623,0.0126885
id19330,0.0808239,0.0808239,0.838352
id00994,0.00175843,0.996483,0.00175843
id10785,0.422089,0.329681,0.24823
id00955,0.395881,0.478808,0.125311
id09757,0.00152611,0.996948,0.00152611
id10030,0.192139,0.14176,0.666101
id22952,0.162573,0.180252,0.657175
id21955,0.025267,0.0257368,0.948996
id07674,0.0600094,0.878925,0.0610656
id13760,0.0521222,0.895756,0.0521222
id18166,0.812028,0.0363092,0.151663
id23498,0.0131008,0.973798,0.0131008
id05296,0.859759,0.0403377,0.0999032
id26709,0.241006,0.525728,0.233266
id02853,0.952712,0.0236438,0.0236438
id06800,0.670378,0.155614,0.174008
id14758,0.850481,0.0625607,0.0869587
id12356,0.99276,0.00362024,0.00362024
id21492,0.763847,0.118077,0.118077
id27540,0.867491,0.0678445,0.0646646
id07376,0.0569665,0.197502,0.745531
id15201,0.959723,0.0201383,0.0201383
id23388,0.00978425,0.980432,0.00978425
id13923,0.00551792,0.988964,0.00551792
id00794,0.0116031,0.976794,0.0116031
id23910,0.378295,0.202111,0.419594
id02556,0.21447,0.120156,0.665374
id22151,0.0137558,0.972488,0.0137558
id11698,0.174261,0.548187,0.277552
id11627,0.723271,0.077917,0.198812
id06340,0.412574,0.0966739,0.490753
id05123,0.757181,0.098007,0.144812
id26620,0.00728422,0.00728422,0.985431
id04002,0.00835543,0.00835543,0.983289
id26554,0.00836927,0.983261,0.00836927
id18012,0.0175562,0.964887,0.0175562
id12964,0.104631,0.101974,0.793394
id18965,0.00292735,0.994145,0.00292735
id19082,0.0963221,0.109935,0.793742
id26742,0.00164381,0.00164381,0.996712
id15442,0.116885,0.784285,0.0988299
id16647,0.329266,0.127858,0.542876
id11544,0.227191,0.42097,0.351839
id20581,0.216304,0.146709,0.636987
id13192,0.348558,0.555142,0.0963001
id15814,0.392085,0.264406,0.343509
id26279,0.157039,0.641126,0.201834
id00240,0.68642,0.103946,0.209634
id22836,0.985559,0.00662352,0.00781752
id15085,0.000458905,0.999082,0.000458905
id17495,0.51019,0.165791,0.324019
id26762,0.0658599,0.0212199,0.91292
id13685,0.991829,0.00408561,0.00408561
id16560,0.0277832,0.944434,0.0277832
id17184,0.00389009,0.99222,0.00389009
id21635,0.996933,0.00153349,0.00153349
id26751,0.113618,0.546439,0.339943
id12351,0.976091,0.0119547,0.0119547
id14872,0.469231,0.358796,0.171974
id18372,0.97859,0.0100319,0.0113784
id26851,0.615899,0.235795,0.148306
id22659,0.806477,0.0967612,0.0967612
id04102,0.0103848,0.0103848,0.97923
id02353,0.000614905,0.99877,0.000614905
id26721,0.876245,0.0478236,0.0759311
id11171,0.894749,0.0526256,0.0526256
id13562,0.256327,0.283074,0.460599
id26425,0.491334,0.270318,0.238348
id26394,0.152071,0.106337,0.741592
id22187,0.760347,0.119826,0.119826
id00422,0.994156,0.00292195,0.00292195
id22667,0.536628,0.292378,0.170994
id00911,0.408802,0.154731,0.436468
id17291,0.105622,0.0565977,0.837781
id01915,0.0547561,0.0403214,0.904922
id01434,0.342764,0.154143,0.503093
id01584,0.801535,0.0691191,0.129345
id09266,0.193394,0.517699,0.288906
id17494,0.00203319,0.995934,0.00203319
id24919,0.884312,0.0456261,0.0700623
id21043,0.717608,0.0506021,0.23179
id17796,0.58286,0.20857,0.20857
id02166,0.489394,0.0826722,0.427934
id17503,0.409491,0.118007,0.472502
id21203,0.609091,0.182886,0.208023
id25626,0.994884,0.00255797,0.00255797
id09836,0.986823,0.00658838,0.00658838
id24202,0.119558,0.119558,0.760883
id27260,0.148276,0.126742,0.724982
id23167,0.000802507,0.000802507,0.998395
id10393,0.000260412,0.999479,0.000260412
id01171,0.939429,0.014865,0.0457056
id06380,0.69907,0.0846739,0.216256
id22686,0.00518361,0.00518361,0.989633
id26250,0.361661,0.0905768,0.547762
id09315,0.0569368,0.886126,0.0569368
id00886,0.0222913,0.955418,0.0222913
id03101,0.96875,0.015625,0.015625
id12367,0.848147,0.0537274,0.0981255
id10770,0.931271,0.0343646,0.0343646
id14949,0.0988251,0.816373,0.084802
id14141,0.843663,0.0902735,0.0660638
id25417,0.0704408,0.859118,0.0704408
id26873,0.929104,0.0354478,0.0354478
id10818,0.0183864,0.0183864,0.963227
id15146,0.798623,0.100689,0.100689
id23328,0.816105,0.0618509,0.122044
id16765,0.824167,0.0879164,0.0879164
id24383,0.99522,0.00239028,0.00239028
id21304,0.996143,0.00192836,0.00192836
id12551,0.155168,0.686617,0.158215
id23274,0.159528,0.339541,0.500931
id08117,0.857578,0.0712112,0.0712112
id23961,0.332162,0.0784449,0.589393
id13865,0.250963,0.186802,0.562235
id22807,0.514478,0.112019,0.373504
id08951,0.109123,0.0504235,0.840454
id18684,0.979126,0.010437,0.010437
id25179,0.0936852,0.81263,0.0936852
id27033,0.98577,0.00544836,0.00878147
id13977,0.305128,0.166551,0.528322
id19337,0.00811312,0.983774,0.00811312
id25764,0.818166,0.0909169,0.0909169
id16106,0.322878,0.492444,0.184678
id05468,0.00718759,0.00718759,0.985625
id05241,0.686977,0.05447,0.258553
id10215,0.0371073,0.0371073,0.925785
id23457,0.0133924,0.0133924,0.973215
id02200,0.559006,0.09171,0.349284
id13714,0.150182,0.684034,0.165784
id20332,0.000233126,0.000233126,0.999534
id18573,0.0858125,0.666605,0.247583
id08569,0.989223,0.00538866,0.00538866
id22767,0.129486,0.230658,0.639856
id25390,0.159231,0.25897,0.581798
id09288,0.952679,0.0236603,0.0236603
id12381,0.814873,0.0925636,0.0925636
id02895,0.0248261,0.0248261,0.950348
id25270,0.000232303,0.000232303,0.999535
id14248,0.50643,0.160243,0.333327
id12831,0.984722,0.00376096,0.0115172
id18305,0.869704,0.0329752,0.0973213
id07805,0.992176,0.00391204,0.00391204
id14027,0.203318,0.165825,0.630857
id02760,0.886827,0.0565867,0.0565867
id24362,0.851595,0.0365992,0.111806
id17065,0.0656045,0.886935,0.0474602
id26583,0.244305,0.17483,0.580865
id19664,0.972894,0.0135532,0.0135532
id25145,0.718717,0.136347,0.144936
id17858,0.184416,0.631168,0.184416
id05148,0.102512,0.253918,0.64357
id22928,0.782039,0.110085,0.107876
id21549,0.000718209,0.000718209,0.998564
id12649,0.013341,0.973318,0.013341
id21597,0.935458,0.0322708,0.0322708
id27945,0.413572,0.126926,0.459502
id00243,0.97703,0.0106473,0.012323
id02745,0.991554,0.00422276,0.00422276
id23550,0.206639,0.13945,0.653911
id13023,0.0246999,0.0178325,0.957467
id24796,0.00904064,0.00904064,0.981919
id12284,0.0963828,0.793338,0.110279
id02664,0.00154348,0.996913,0.00154348
id23767,0.844628,0.0566772,0.0986949
id05859,0.571633,0.214183,0.214183
id14350,0.693406,0.171368,0.135225
id01191,0.0438864,0.18457,0.771544
id17034,0.927958,0.0344903,0.0375517
id25292,0.905688,0.0471563,0.0471563
id22121,0.984257,0.00787126,0.00787126
id20872,0.901836,0.0490821,0.0490821
id17720,0.0178777,0.964245,0.0178777
id22658,0.0775808,0.786198,0.136221
id09567,0.791367,0.104317,0.104317
id16445,0.671579,0.0944572,0.233964
id08349,0.0290304,0.0494823,0.921487
id27437,0.0354968,0.929006,0.0354968
id03812,0.787795,0.0756421,0.136563
id22304,0.560146,0.240118,0.199736
id04449,0.260853,0.605279,0.133868
id15605,0.160557,0.181612,0.657832
id01768,0.822153,0.0889234,0.0889234
id20019,0.19936,0.69902,0.101621
id09593,0.00626326,0.987473,0.00626326
id23179,0.853808,0.0668066,0.0793851
id21279,0.83995,0.0508893,0.10916
id06711,0.000734061,0.000734061,0.998532
id14243,0.000892244,0.998216,0.000892244
id04839,0.00685922,0.986281,0.00685922
id17220,0.0153253,0.969349,0.0153253
id24177,0.826664,0.0866682,0.0866682
id20512,0.000654836,0.000654836,0.99869
id14036,0.000260787,0.999478,0.000260787
id25001,0.616876,0.0477833,0.33534
id06175,0.14712,0.64556,0.207321
id24720,0.703431,0.165696,0.130873
id08070,0.0160188,0.967962,0.0160188
id18934,0.972348,0.01326,0.0143922
id01338,0.983547,0.0082266,0.0082266
id19008,0.00539228,0.989215,0.00539228
id19632,0.611756,0.209287,0.178957
id26224,0.000237536,0.000237536,0.999525
id08219,0.902283,0.0464248,0.0512923
id24008,0.000468178,0.000468178,0.999064
id12475,0.308148,0.515719,0.176133
id05766,0.396248,0.445984,0.157768
id27386,0.209246,0.656866,0.133889
id12476,0.000608276,0.998783,0.000608276
id08311,0.90628,0.0468598,0.0468598
id04996,0.914652,0.042674,0.042674
id17350,0.00628454,0.987431,0.00628454
id05546,0.0169255,0.966149,0.0169255
id16504,0.181685,0.466613,0.351702
id05782,0.00117332,0.00117332,0.997653
id20560,0.635562,0.117119,0.24732
id14171,0.0208224,0.0208224,0.958355
id27461,0.0852657,0.0852657,0.829469
id03581,0.0571475,0.0569627,0.88589
id21847,0.0303582,0.0303582,0.939284
id11712,0.547755,0.132887,0.319358
id26738,0.00201113,0.00201113,0.995978
id13668,0.98963,0.00518512,0.00518512
id15114,0.994508,0.00274588,0.00274588
id20130,0.738382,0.124426,0.137192
id18331,0.0467218,0.0467218,0.906556
id24465,0.998935,0.000532542,0.000532542
id13539,0.910132,0.0205281,0.0693402
id27564,0.033062,0.937395,0.0295425
id26043,0.00196047,0.00196047,0.996079
id04965,0.189347,0.189347,0.621306
id08645,0.846544,0.0741593,0.0792971
id26610,0.381997,0.168466,0.449536
id21737,0.65716,0.21576,0.12708
id25784,0.00532907,0.989342,0.00532907
id23030,0.631154,0.0690015,0.299844
id16450,0.113881,0.772238,0.113881
id02161,0.71131,0.0988352,0.189855
id25535,0.0180069,0.0180069,0.963986
id16566,0.878989,0.0605052,0.0605052
id05714,0.00832273,0.983355,0.00832273
id16524,0.518716,0.321995,0.159288
id23941,0.00127972,0.99744,0.00127972
id00831,0.00107013,0.00107013,0.99786
id18145,0.101474,0.143676,0.75485
id17227,0.969212,0.0143006,0.0164873
id09417,0.754526,0.106769,0.138706
id21307,0.409109,0.318051,0.27284
id05650,0.00498162,0.990037,0.00498162
id23901,0.462954,0.328828,0.208218
id05831,0.640733,0.0511763,0.308091
id16708,0.0332296,0.933541,0.0332296
id02281,0.127885,0.127885,0.744231
id11599,0.454351,0.249842,0.295806
id18353,0.38853,0.21812,0.39335
id07413,0.902029,0.0489854,0.0489854
id15653,0.100498,0.772053,0.127449
id09715,0.00236465,0.00236465,0.995271
id05108,0.457041,0.318375,0.224584
id09537,0.536444,0.119269,0.344287
id27596,0.967239,0.0163803,0.0163803
id24255,0.0708418,0.0696979,0.85946
id05080,0.000962667,0.000962667,0.998075
id09484,0.938982,0.0222879,0.0387299
id14864,0.27531,0.0750809,0.649609
id26836,0.800329,0.0998356,0.0998356
id07003,0.980227,0.0098865,0.0098865
id13750,6.35517e-05,0.999873,6.35517e-05
id21799,0.120887,0.464352,0.414762
id11285,0.998512,0.000743851,0.000743851
id04735,0.719962,0.140019,0.140019
id23049,0.000582461,0.000582461,0.998835
id05826,0.158252,0.762797,0.0789509
id17916,0.478035,0.35836,0.163605
id14081,0.000656706,0.000656706,0.998687
id10527,0.414282,0.0633922,0.522326
id16059,0.00232927,0.995341,0.00232927
id25542,0.991828,0.00408622,0.00408622
id05402,0.178807,0.180881,0.640312
id01927,0.886173,0.0426696,0.0711574
id27656,0.245215,0.124286,0.6305
id06708,0.133314,0.362236,0.504449
id03524,0.169072,0.299378,0.531551
id12297,0.446768,0.124951,0.428281
id03439,0.850941,0.0745294,0.0745294
id04587,0.00108863,0.997823,0.00108863
id25470,0.938969,0.0305157,0.0305157
id01212,0.0340336,0.931933,0.0340336
id13932,0.596006,0.244008,0.159986
id00124,0.15193,0.0687814,0.779289
id01592,0.0684649,0.0988341,0.832701
id13461,0.479384,0.152149,0.368467
id24681,0.0901491,0.767547,0.142304
id23245,0.0606061,0.0479883,0.891406
id14073,0.67673,0.114078,0.209192
id05172,0.826036,0.0838755,0.0900882
id21979,0.920415,0.0397925,0.0397925
id00328,0.954339,0.0131731,0.0324881
id26102,0.95856,0.0207201,0.0207201
id14867,0.0143503,0.0143503,0.971299
id27544,0.00200256,0.995995,0.00200256
id16228,0.347073,0.119304,0.533623
id16342,0.608012,0.230029,0.161959
id24933,0.99294,0.00352993,0.00352993
id04601,0.713162,0.149813,0.137025
id01599,0.56002,0.248487,0.191493
id06238,0.933304,0.0333481,0.0333481
id06826,0.128222,0.235877,0.635901
id23307,0.989988,0.00500593,0.00500593
id13575,0.0922922,0.0413827,0.866325
id24174,0.669042,0.0895596,0.241398
id19534,0.343752,0.203401,0.452847
id19602,0.0274214,0.0274214,0.945157
id26962,0.035865,0.92827,0.035865
id04448,0.585836,0.123054,0.29111
id09786,0.186469,0.684016,0.129514
id25240,0.450487,0.284057,0.265456
id14893,0.780898,0.113574,0.105528
id24221,0.981382,0.00930887,0.00930887
id04696,0.220382,0.115469,0.664149
id15153,0.0191947,0.961611,0.0191947
id13882,0.00397767,0.992045,0.00397767
id17836,0.0290498,0.941901,0.0290498
id00574,0.288052,0.623399,0.0885488
id02078,0.00103459,0.997931,0.00103459
id21206,0.203952,0.61891,0.177138
id20084,0.408126,0.3705,0.221374
id26598,0.0601301,0.0601301,0.87974
id06838,0.43379,0.0794489,0.486761
id08786,0.0266384,0.0266384,0.946723
id09550,0.346962,0.139531,0.513507
id10206,0.789911,0.0549167,0.155172
id21113,0.968183,0.0159085,0.0159085
id21151,0.933395,0.0333022,0.0333022
id02692,0.946401,0.0253417,0.0282569
id26446,0.833345,0.0751337,0.0915215
id07377,0.669948,0.128698,0.201354
id15998,0.987141,0.00642961,0.00642961
id19637,0.920982,0.0359798,0.0430377
id19735,0.0362157,0.927569,0.0362157
id13739,0.0268608,0.0268608,0.946278
id25175,0.224971,0.337377,0.437652
id00563,0.307134,0.280861,0.412006
id09982,0.017446,0.013084,0.96947
id15459,0.00359646,0.992807,0.00359646
id20785,0.000230408,0.000230408,0.999539
id07145,0.00259438,0.00259438,0.994811
id22204,0.0307325,0.940711,0.0285568
id09285,0.699084,0.088153,0.212763
id18157,0.0307485,0.0307485,0.938503
id12134,0.0153775,0.969245,0.0153775
id23914,0.98122,0.00939011,0.00939011
id10483,0.91444,0.0427801,0.0427801
id07092,0.52484,0.0845995,0.39056
id14786,0.227041,0.64649,0.126469
id25741,0.398152,0.0710574,0.530791
id09050,0.0112395,0.977521,0.0112395
id04938,0.345292,0.27158,0.383128
id05901,0.802601,0.0986996,0.0986996
id16975,0.00168504,0.99663,0.00168504
id08547,0.0024343,0.0024343,0.995131
id16355,0.274586,0.568486,0.156928
id14568,0.655521,0.0871256,0.257354
id25599,0.0653689,0.195325,0.739307
id01670,0.0782007,0.843599,0.0782007
id23945,0.00211061,0.995779,0.00211061
id17394,0.000529222,0.000529222,0.998942
id06501,0.321004,0.222264,0.456732
id26234,0.0520232,0.824799,0.123178
id21280,0.00233787,0.00233787,0.995324
id20048,0.0709102,0.0709102,0.85818
id01216,0.182062,0.539357,0.278581
id25320,0.449564,0.0625153,0.487921
id22833,0.0929341,0.165374,0.741692
id22056,0.645333,0.186132,0.168535
id02275,0.00230743,0.995385,0.00230743
id26127,0.505507,0.100745,0.393749
id17011,0.00840008,0.9832,0.00840008
id13847,0.697076,0.104297,0.198627
id00013,0.0050793,0.989841,0.0050793
id16463,0.950025,0.0201585,0.0298167
id04845,0.126,0.277687,0.596313
id01787,0.113128,0.187017,0.699855
id08637,0.929997,0.0347715,0.0352314
id11414,0.0366023,0.0366023,0.926795
id13177,0.301259,0.204675,0.494066
id24517,0.980197,0.00765131,0.0121518
id26838,0.143788,0.275239,0.580973
id23081,0.000757784,0.998485,0.000757784
id16327,0.538488,0.211825,0.249687
id27282,0.0518271,0.896346,0.0518271
id07489,0.193315,0.403043,0.403642
id01718,0.00595929,0.00595929,0.988081
id15441,0.713529,0.112577,0.173894
id27736,0.0550023,0.889996,0.0550023
id16324,0.0261585,0.0261585,0.947683
id12027,0.155189,0.234893,0.609918
id24653,0.00189893,0.996202,0.00189893
id17541,0.10424,0.10424,0.791519
id22406,0.121394,0.623102,0.255504
id18356,0.643156,0.250353,0.106491
id04505,0.478181,0.273693,0.248127
id04246,0.315129,0.198258,0.486612
id07368,0.87218,0.0639099,0.0639099
id26185,0.000978625,0.000978625,0.998043
id08878,0.00320139,0.00320139,0.993597
id27691,0.000264012,0.000264012,0.999472
id18004,0.788734,0.0971856,0.11408
id24426,0.281212,0.125325,0.593463
id14164,0.747448,0.126276,0.126276
id12653,0.00142215,0.997156,0.00142215
id18060,0.755027,0.139297,0.105677
id18556,0.370638,0.191222,0.43814
id27371,0.0555251,0.831148,0.113327
id11989,0.205422,0.156431,0.638147
id26095,0.614681,0.283034,0.102286
id24978,0.0910044,0.0910044,0.817991
id20322,0.254393,0.439434,0.306173
id01954,0.886721,0.0566394,0.0566394
id07434,0.37432,0.213854,0.411826
id18144,0.015182,0.015182,0.969636
id16250,0.56357,0.278951,0.157479
id17793,0.000420901,0.000420901,0.999158
id24067,0.091571,0.816858,0.091571
id13891,0.0101727,0.0101727,0.979655
id07334,0.00444577,0.991109,0.00444577
id15633,0.0442382,0.911524,0.0442382
id23239,0.0151997,0.0151997,0.969601
id10674,0.0901732,0.0879289,0.821898
id22093,0.619997,0.174032,0.205972
id08444,0.123785,0.187248,0.688967
id03257,0.0117888,0.0117888,0.976422
id10040,0.886101,0.0569495,0.0569495
id04902,0.00882406,0.00882406,0.982352
id01219,0.821026,0.0841089,0.0948651
id01340,0.870619,0.0646904,0.0646904
id05117,0.0216029,0.956794,0.0216029
id04908,0.0124604,0.0124604,0.975079
id03626,0.00445849,0.00445849,0.991083
id01888,0.996355,0.00182264,0.00182264
id17199,0.688077,0.0958074,0.216116
id11200,0.540908,0.200136,0.258956
id27561,0.35813,0.177041,0.464829
id20966,0.0198228,0.960354,0.0198228
id10257,0.0812368,0.837526,0.0812368
id21168,0.685017,0.172936,0.142048
id23363,0.000434008,0.000434008,0.999132
id05321,0.912731,0.0408954,0.0463731
id09928,0.0107693,0.0107693,0.978461
id18015,0.991407,0.00429677,0.00429677
id02082,0.00341954,0.993161,0.00341954
id19279,0.467126,0.351718,0.181156
id08541,0.00206988,0.99586,0.00206988
id15249,0.00588677,0.988226,0.00588677
id03609,0.677621,0.182021,0.140358
id22902,0.00196436,0.00196436,0.996071
id17733,0.972445,0.0137778,0.0137778
id07554,0.040245,0.0995516,0.860203
id14120,0.469697,0.127724,0.402579
id21802,0.377221,0.454204,0.168575
id15614,0.0242116,0.951577,0.0242116
id19437,0.000160853,0.000160853,0.999678
id22698,0.90904,0.04548,0.04548
id21841,0.00946045,0.981079,0.00946045
id16177,0.516517,0.168808,0.314675
id15887,0.172615,0.198842,0.628543
id22629,0.707232,0.0556711,0.237097
id10346,0.910256,0.0372578,0.0524865
id05154,0.7149,0.0956026,0.189498
id22913,0.394107,0.332439,0.273454
id10544,0.0781787,0.429016,0.492806
id08703,0.79426,0.117559,0.0881806
id12817,0.494454,0.0929051,0.412641
id25433,0.695129,0.191522,0.113349
id25112,0.0230382,0.0255233,0.951438
id05054,0.101663,0.795948,0.102389
id02311,0.00568215,0.988636,0.00568215
id22160,0.0679873,0.864025,0.0679873
id17422,0.91426,0.0428702,0.0428702
id18985,0.0668803,0.0668803,0.866239
id21905,0.0306943,0.038476,0.93083
id17474,0.938675,0.0306625,0.0306625
id15236,0.000542653,0.998915,0.000542653
id13964,0.55595,0.320476,0.123574
id15962,0.394125,0.431825,0.174049
id20866,0.472931,0.132054,0.395015
id06625,0.327098,0.197194,0.475707
id09793,0.380782,0.140209,0.479009
id17365,0.000438539,0.999123,0.000438539
id18463,0.0766602,0.84668,0.0766602
id20693,0.00253859,0.994923,0.00253859
id08785,0.0133632,0.973274,0.0133632
id06783,0.0140489,0.971902,0.0140489
id23178,0.000945975,0.000945975,0.998108
id13513,0.0342866,0.931427,0.0342866
id25361,0.0103865,0.0103865,0.979227
id22319,0.180205,0.580946,0.238848
id14024,0.779012,0.110494,0.110494
id24186,0.0124347,0.975131,0.0124347
id20965,0.627455,0.0672248,0.30532
id06242,0.591609,0.246779,0.161612
id25665,0.107835,0.78433,0.107835
id09706,0.0292106,0.941579,0.0292106
id11026,0.287276,0.484988,0.227736
id04223,0.994353,0.00282329,0.00282329
id19674,0.0534205,0.893159,0.0534205
id23420,0.00574639,0.988507,0.00574639
id18059,0.192398,0.631629,0.175973
id22576,0.906182,0.046909,0.046909
id18495,0.000560673,0.998879,0.000560673
id14139,0.892579,0.0282543,0.0791667
id18313,0.560697,0.114372,0.324931
id27356,0.156927,0.117396,0.725677
id16035,0.113022,0.113022,0.773955
id04182,0.59391,0.25825,0.147841
id15667,0.992582,0.0037091,0.0037091
id08713,0.927103,0.0273473,0.0455498
id25563,0.000185462,0.999629,0.000185462
id17023,0.575174,0.227376,0.19745
id03014,0.00153551,0.996929,0.00153551
id23812,0.0681198,0.86376,0.0681198
id20057,0.15101,0.389433,0.459558
id12385,0.330549,0.546208,0.123243
id24416,0.575828,0.213984,0.210188
id15672,0.0757021,0.83132,0.0929775
id13868,0.989126,0.00543681,0.00543681
id21095,0.21163,0.181783,0.606587
id05305,0.237679,0.422249,0.340073
id15384,0.207122,0.28792,0.504958
id14049,0.00596782,0.00596782,0.988064
id23441,0.537611,0.338052,0.124337
id12856,0.00291052,0.00291052,0.994179
id16055,0.000626403,0.000626403,0.998747
id24771,0.25777,0.614572,0.127658
id14053,0.745042,0.127479,0.127479
id19547,0.049903,0.837212,0.112885
id03639,0.144669,0.0682059,0.787125
id14546,0.857062,0.0840477,0.0588901
id13935,0.985892,0.00705398,0.00705398
id20335,0.516319,0.306584,0.177097
id07301,0.489045,0.0948156,0.416139
id10186,0.866776,0.0666118,0.0666118
id00192,0.366326,0.394071,0.239603
id17851,0.792371,0.0825772,0.125052
id08403,0.568754,0.234944,0.196303
id06183,0.378079,0.376987,0.244934
id24738,0.105934,0.666993,0.227073
id15112,0.560905,0.205345,0.23375
id19819,0.00489618,0.00489618,0.990208
id17722,0.0128953,0.0128953,0.974209
id24273,0.122643,0.178602,0.698755
id18939,0.000155852,0.000155852,0.999688
id16076,0.0315759,0.94199,0.0264342
id23158,0.0179161,0.0179161,0.964168
id12745,0.564937,0.11111,0.323953
id22538,0.358493,0.211484,0.430023
id14975,0.720926,0.133066,0.146007
id27537,0.908398,0.0458013,0.0458013
id06632,0.0500404,0.0394223,0.910537
id08100,0.655725,0.204948,0.139328
id00843,0.995091,0.00245454,0.00245454
id22159,0.0053688,0.0053688,0.989262
id18672,0.160807,0.0320834,0.807109
id06916,0.0967337,0.806533,0.0967337
id22212,0.679623,0.202798,0.117578
id00273,0.0328368,0.0328368,0.934326
id26325,0.614421,0.167522,0.218057
id23683,0.0427929,0.932043,0.0251641
id14419,0.000225304,0.999549,0.000225304
id11931,2.17137e-05,0.999957,2.17137e-05
id00568,0.0225499,0.9549,0.0225499
id12271,0.888474,0.0557631,0.0557631
id12622,0.391467,0.490205,0.118329
id03156,0.00292635,0.994147,0.00292635
id25592,0.927224,0.0363882,0.0363882
id24367,0.925913,0.025936,0.0481509
id16007,0.0751686,0.692434,0.232397
id04785,0.550263,0.13928,0.310457
id07888,0.0204171,0.0204171,0.959166
id13557,0.248863,0.642556,0.108581
id20726,0.567887,0.114064,0.318049
id09580,0.871232,0.0455279,0.0832403
id05173,0.114068,0.771864,0.114068
id10394,0.00148352,0.997033,0.00148352
id03926,0.0020743,0.995851,0.0020743
id07264,0.990086,0.00495709,0.00495709
id01862,0.165597,0.698705,0.135698
id20808,0.0962576,0.807485,0.0962576
id26658,0.936821,0.0118247,0.0513547
id04479,0.81837,0.0845401,0.0970897
id17445,0.152547,0.688003,0.15945
id04430,0.35516,0.343589,0.301251
id06052,0.177992,0.0830864,0.738921
id11485,0.387312,0.29927,0.313418
id13060,0.0408944,0.0408944,0.918211
id20873,0.258113,0.258853,0.483034
id21927,0.909308,0.0453462,0.0453462
id02736,0.125556,0.304216,0.570228
id11234,0.111908,0.246974,0.641119
id27894,0.995847,0.00207656,0.00207656
id23208,0.0251306,0.949739,0.0251306
id18470,0.135019,0.578838,0.286143
id23172,0.0845272,0.830946,0.0845272
