id,EAP,HPL,MWS
id02310,0.298389,0.298389,0.403223
id24541,0.615269,0.308499,0.076232
id00134,0.557746,0.374131,0.0681228
id27757,0.567479,0.369748,0.0627726
id04081,0.464977,0.338809,0.196214
id27337,0.401229,0.496546,0.102225
id24265,0.593215,0.349075,0.0577106
id25917,0.153219,0.153219,0.693561
id04951,0.689514,0.262603,0.0478829
id14549,0.702116,0.216321,0.0815633
id22505,0.526511,0.422866,0.0506239
id24002,0.324571,0.378155,0.297275
id18982,0.0841456,0.0841456,0.831709
id15181,0.471525,0.415622,0.112853
id21888,0.509887,0.424265,0.0658482
id12035,0.0399827,0.0399827,0.920035
id17991,0.364792,0.196398,0.43881
id10707,0.610445,0.329772,0.0597829
id07101,0.573647,0.329397,0.0969555
id00345,0.415143,0.454876,0.129981
id05912,0.456451,0.332288,0.211261
id13443,0.332539,0.533934,0.133527
id09248,0.64107,0.215071,0.143859
id17542,0.595731,0.262189,0.14208
id06995,0.461233,0.342676,0.196091
id25159,0.225435,0.225435,0.549131
id25729,0.56194,0.369609,0.068451
id26949,0.519531,0.407825,0.0726441
id27191,0.0670837,0.0670837,0.865833
id07668,0.546443,0.251179,0.202378
id02230,0.376111,0.366698,0.257191
id15553,0.646365,0.296629,0.0570062
id25688,0.456558,0.339596,0.203846
id17545,0.61769,0.272587,0.109723
id13929,0.61138,0.293242,0.0953781
id12880,0.283383,0.252501,0.464117
id19282,0.528778,0.398866,0.0723557
id14690,0.0605621,0.0605621,0.878876
id17975,0.413229,0.404134,0.182637
id08037,0.633139,0.299391,0.0674697
id15412,0.606838,0.265449,0.127713
id25032,0.557534,0.175306,0.26716
id27165,0.503764,0.38576,0.110476
id03327,0.514144,0.413442,0.0724144
id18515,0.661074,0.274935,0.0639911
id21003,0.354116,0.533871,0.112013
id23855,0.276438,0.447123,0.276438
id20724,0.291493,0.109509,0.598998
id13303,0.484437,0.440693,0.0748692
id16521,0.560712,0.357413,0.0818748
id20775,0.638205,0.300795,0.0609995
id13029,0.404951,0.482746,0.112302
id14660,0.401307,0.441174,0.157519
id11028,0.0332126,0.0332126,0.933575
id14180,0.631011,0.321467,0.0475217
id25860,0.5331,0.375243,0.0916565
id11910,0.346025,0.221594,0.432381
id08065,0.313042,0.313042,0.373915
id22674,0.175974,0.175974,0.648053
id25018,0.595442,0.330449,0.074109
id10892,0.310072,0.597809,0.0921191
id10217,0.402294,0.451969,0.145736
id12996,0.337011,0.180019,0.48297
id18262,0.417218,0.476009,0.106772
id08606,0.429521,0.458961,0.111518
id17233,0.599928,0.222788,0.177284
id00101,0.402531,0.50121,0.0962586
id12225,0.623086,0.213352,0.163562
id01364,0.389869,0.543092,0.0670389
id24973,0.333333,0.333333,0.333333
id25363,0.656663,0.239541,0.103797
id10061,0.394902,0.438854,0.166244
id17673,0.433721,0.406847,0.159432
id13249,0.501597,0.160588,0.337815
id10107,0.182944,0.182944,0.634112
id04403,0.556937,0.385778,0.057285
id25728,0.387775,0.355781,0.256444
id16184,0.16882,0.16882,0.662361
id03438,0.495858,0.358645,0.145496
id22923,0.0939382,0.877421,0.028641
id08610,0.445007,0.497206,0.0577861
id25355,0.126749,0.126749,0.746501
id16916,0.456777,0.448083,0.0951402
id12793,0.524774,0.398987,0.0762393
id11859,0.638661,0.270898,0.0904413
id02434,0.477168,0.455801,0.0670311
id27703,0.0870664,0.0870664,0.825867
id25212,0.494896,0.409321,0.0957828
id11308,0.383902,0.167908,0.44819
id26094,0.351796,0.544484,0.10372
id22080,0.532369,0.3708,0.0968303
id03545,0.514839,0.419116,0.0660448
id23725,0.541926,0.318713,0.139361
id12009,0.538317,0.339647,0.122036
id24241,0.542068,0.164553,0.293379
id03596,0.494341,0.447149,0.0585099
id10749,0.493937,0.431907,0.0741553
id22794,0.146354,0.146354,0.707293
id15482,0.136732,0.136732,0.726536
id04833,0.566855,0.340678,0.0924666
id00397,0.203276,0.203276,0.593448
id14691,0.612637,0.319247,0.0681156
id05193,0.063333,0.063333,0.873334
id19541,0.58494,0.330886,0.0841739
id22166,0.0528623,0.0528623,0.894275
id20744,0.078419,0.078419,0.843162
id10392,0.0508353,0.0508353,0.898329
id00770,0.615104,0.329628,0.0552678
id06018,0.468506,0.454269,0.0772254
id15678,0.546304,0.390779,0.0629175
id08305,0.612458,0.205475,0.182068
id08903,0.115525,0.115525,0.76895
id14752,0.5233,0.403837,0.0728631
id12468,0.49243,0.385376,0.122195
id05085,0.556214,0.383177,0.0606085
id21993,0.516796,0.27645,0.206754
id15503,0.532501,0.384646,0.0828526
id03021,0.52491,0.391526,0.0835642
id16123,0.426351,0.500895,0.0727545
id19383,0.495078,0.425203,0.0797192
id04186,0.621667,0.323406,0.0549271
id17954,0.409355,0.308719,0.281926
id12030,0.0535958,0.0373831,0.909021
id13020,0.411837,0.470547,0.117615
id25327,0.304632,0.304632,0.390736
id16344,0.453003,0.398211,0.148787
id12303,0.573012,0.366953,0.0600352
id15017,0.443745,0.496958,0.0592974
id22308,0.333333,0.333333,0.333333
id06536,0.514957,0.253938,0.231106
id19797,0.486416,0.256543,0.257041
id06332,0.443051,0.420679,0.13627
id22941,0.33311,0.224651,0.442239
id13547,0.395584,0.387759,0.216657
id06928,0.0980043,0.0980043,0.803991
id12521,0.531072,0.407145,0.0617822
id25716,0.468756,0.0966558,0.434588
id27116,0.22384,0.22384,0.55232
id19941,0.732575,0.221236,0.0461895
id05711,0.0988112,0.0988112,0.802378
id02097,0.321958,0.321958,0.356084
id03563,0.383478,0.522481,0.094041
id02295,0.64294,0.178337,0.178723
id08179,0.563845,0.387394,0.0487603
id05332,0.430109,0.409665,0.160226
id15697,0.436687,0.45723,0.106083
id17026,0.511958,0.155664,0.332377
id04243,0.504904,0.432474,0.0626216
id13175,0.545167,0.401856,0.0529762
id05387,0.518309,0.325341,0.15635
id19989,0.674061,0.270235,0.0557037
id25173,0.297365,0.297365,0.40527
id08925,0.617351,0.309915,0.0727345
id03034,0.372802,0.516431,0.110767
id13272,0.430246,0.487184,0.0825701
id07956,0.165178,0.165178,0.669644
id02648,0.522219,0.172588,0.305193
id01778,0.168705,0.168705,0.662589
id12846,0.478677,0.250054,0.271269
id19001,0.405392,0.46067,0.133938
id05763,0.453171,0.430659,0.11617
id15590,0.142526,0.142526,0.714949
id04912,0.482125,0.428005,0.0898705
id21201,0.452313,0.48055,0.0671364
id13215,0.558102,0.38759,0.0543083
id15612,0.474162,0.413005,0.112833
id18501,0.540293,0.4054,0.0543067
id07223,0.615566,0.261587,0.122847
id06707,0.331503,0.271874,0.396623
id05238,0.423719,0.517638,0.0586433
id00935,0.459135,0.421412,0.119453
id00110,0.164729,0.164729,0.670542
id17476,0.545732,0.368687,0.0855806
id15170,0.642312,0.270398,0.0872896
id13397,0.198751,0.198751,0.602498
id24283,0.469459,0.371144,0.159397
id15234,0.537785,0.359137,0.103078
id16884,0.470456,0.458087,0.0714567
id07831,0.422736,0.458376,0.118888
id16038,0.666724,0.176822,0.156454
id03629,0.679144,0.253146,0.06771
id21019,0.654494,0.173792,0.171713
id21835,0.563073,0.308483,0.128443
id04480,0.618251,0.279961,0.101788
id20838,0.446983,0.490451,0.0625659
id24195,0.603734,0.251472,0.144794
id05448,0.582225,0.34985,0.0679252
id15957,0.611422,0.231392,0.157186
id19956,0.125515,0.125515,0.748969
id15104,0.330019,0.34237,0.327611
id17559,0.526471,0.314866,0.158664
id16839,0.191226,0.191226,0.617547
id14493,0.241804,0.269262,0.488934
id08833,0.686087,0.256052,0.0578614
id15723,0.398331,0.163786,0.437883
id02716,0.571782,0.334124,0.0940943
id06689,0.6255,0.296633,0.077867
id18837,0.484713,0.389763,0.125524
id04466,0.630142,0.312969,0.0568894
id00686,0.496467,0.430982,0.0725507
id09010,0.402752,0.506624,0.0906239
id23353,0.662257,0.275233,0.0625098
id00066,0.665247,0.258996,0.0757572
id15724,0.516095,0.360239,0.123667
id23486,0.332645,0.382127,0.285228
id22258,0.0471004,0.0471004,0.905799
id02292,0.503074,0.274991,0.221935
id16356,0.478542,0.395124,0.126334
id00235,0.539012,0.371259,0.0897293
id25522,0.0590217,0.0590217,0.881957
id04204,0.463616,0.430684,0.105701
id22016,0.604763,0.137319,0.257918
id06480,0.432005,0.446697,0.121298
id08718,0.318457,0.248446,0.433097
id05251,0.476018,0.476063,0.0479191
id03359,0.301712,0.612641,0.0856466
id16117,0.0616379,0.0616379,0.876724
id17000,0.313679,0.539151,0.14717
id01730,0.318847,0.58409,0.0970627
id00630,0.688293,0.270249,0.0414578
id18175,0.224375,0.224375,0.55125
id00907,0.451632,0.319205,0.229163
id18251,0.449833,0.466717,0.0834495
id25861,0.587348,0.212273,0.200379
id00398,0.506852,0.408219,0.0849291
id27573,0.486229,0.431436,0.0823351
id10022,0.386081,0.487937,0.125983
id15901,0.622425,0.144795,0.23278
id00451,0.280334,0.280334,0.439333
id23129,0.357301,0.423226,0.219474
id26498,0.654651,0.280124,0.0652252
id14741,0.438416,0.487571,0.074013
id18453,0.491227,0.247122,0.261651
id08309,0.555774,0.363668,0.0805577
id00320,0.624561,0.287543,0.0878964
id07688,0.468983,0.41731,0.113707
id01556,0.118447,0.118447,0.763106
id00178,0.481441,0.425665,0.0928944
id18902,0.108731,0.108731,0.782538
id27002,0.545198,0.143265,0.311537
id21418,0.57241,0.355154,0.072436
id23018,0.281083,0.281083,0.437834
id07032,0.350815,0.390411,0.258774
id16195,0.273328,0.540136,0.186537
id11202,0.435449,0.485201,0.0793502
id09578,0.641698,0.204449,0.153853
id26984,0.558011,0.119141,0.322848
id19856,0.551001,0.355506,0.0934925
id12086,0.509162,0.30219,0.188648
id12052,0.327251,0.177369,0.49538
id17728,0.210714,0.210714,0.578572
id24608,0.439133,0.340113,0.220754
id21097,0.0453769,0.0453769,0.909246
id20179,0.32792,0.31827,0.35381
id15144,0.500402,0.252614,0.246984
id00206,0.509565,0.419418,0.0710174
id22285,0.599163,0.189648,0.211189
id06417,0.226231,0.670168,0.103601
id00215,0.603196,0.314824,0.0819795
id04201,0.638749,0.287886,0.0733656
id21771,0.621705,0.269676,0.108618
id12451,0.490695,0.403779,0.105527
id14250,0.435911,0.415806,0.148283
id03433,0.545638,0.370639,0.083723
id03303,0.0507632,0.0507632,0.898474
id25901,0.227202,0.227202,0.545596
id06945,0.565559,0.351572,0.0828687
id05664,0.516013,0.390047,0.0939408
id05741,0.660615,0.291206,0.0481796
id10652,0.681994,0.236779,0.0812264
id16300,0.506413,0.446386,0.0472006
id12319,0.518618,0.372551,0.108831
id07500,0.386545,0.471964,0.141491
id12478,0.522151,0.163701,0.314148
id03076,0.0532042,0.0532042,0.893591
id00969,0.469084,0.440435,0.0904809
id23636,0.469282,0.352771,0.177947
id09791,0.486294,0.389862,0.123844
id05680,0.352757,0.544224,0.103018
id03672,0.284483,0.284483,0.431034
id04286,0.326831,0.326831,0.346337
id23883,0.59425,0.330068,0.0756814
id11914,0.358801,0.137672,0.503527
id20974,0.514621,0.418126,0.0672527
id26125,0.420951,0.490443,0.088607
id15543,0.188871,0.218125,0.593004
id19471,0.551298,0.374863,0.0738386
id11503,0.627736,0.275655,0.096609
id09321,0.298154,0.298154,0.403691
id25560,0.230645,0.230645,0.53871
id06726,0.425165,0.285271,0.289564
id05709,0.5888,0.303444,0.107756
id09788,0.143971,0.143971,0.712057
id05289,0.514469,0.422583,0.062948
id11815,0.439928,0.481991,0.0780809
id22422,0.271265,0.271265,0.45747
id25954,0.406027,0.501231,0.0927419
id13601,0.541727,0.192413,0.26586
id05677,0.560284,0.354556,0.0851592
id10498,0.42035,0.527219,0.052431
id02665,0.622632,0.298282,0.0790865
id10114,0.519216,0.369997,0.110787
id26314,0.530743,0.390357,0.0788994
id21240,0.577815,0.29448,0.127705
id15569,0.511525,0.440448,0.0480271
id25928,0.516451,0.374771,0.108778
id22706,0.498472,0.419677,0.0818505
id20877,0.531717,0.357959,0.110324
id04318,0.523899,0.191129,0.284972
id18299,0.470101,0.39614,0.133759
id08126,0.126799,0.126799,0.746403
id14293,0.334138,0.453109,0.212753
id12759,0.524775,0.324815,0.15041
id11983,0.539237,0.365295,0.095468
id05580,0.333333,0.333333,0.333333
id25846,0.348363,0.486189,0.165448
id01939,0.501807,0.377852,0.12034
id26327,0.605936,0.1919,0.202164
id11068,0.0440575,0.0440575,0.911885
id08404,0.478663,0.419016,0.102321
id27189,0.439713,0.487675,0.0726114
id15119,0.3113,0.3113,0.377401
id26525,0.599335,0.316071,0.0845938
id03618,0.523438,0.369991,0.106572
id27220,0.419768,0.268412,0.311819
id18777,0.288012,0.131091,0.580897
id20213,0.714456,0.186085,0.0994596
id20403,0.57377,0.351779,0.0744508
id03777,0.668651,0.241061,0.0902888
id10595,0.658172,0.264685,0.0771434
id13816,0.476789,0.336643,0.186568
id05667,0.182509,0.182509,0.634983
id24629,0.646078,0.227174,0.126748
id20398,0.310038,0.379924,0.310038
id14108,0.0476243,0.0476243,0.904751
id06196,0.494407,0.417665,0.0879276
id02800,0.367184,0.273431,0.359386
id18732,0.333333,0.333333,0.333333
id11915,0.363525,0.575636,0.0608381
id09739,0.515101,0.406416,0.0784827
id24672,0.46777,0.473971,0.0582591
id00414,0.0444968,0.0444968,0.911007
id16307,0.370063,0.489678,0.140259
id14043,0.595903,0.150454,0.253643
id00517,0.115382,0.115382,0.769237
id09744,0.474913,0.404144,0.120943
id19257,0.637298,0.309278,0.0534247
id15437,0.424439,0.505697,0.0698647
id16352,0.192607,0.192607,0.614785
id18849,0.52487,0.330719,0.144411
id19434,0.483221,0.454728,0.0620511
id17928,0.27314,0.45372,0.27314
id16896,0.0728866,0.0728866,0.854227
id02135,0.379746,0.221623,0.39863
id15075,0.630437,0.3125,0.0570626
id27486,0.513508,0.421817,0.0646755
id19422,0.488235,0.443432,0.0683327
id09603,0.510516,0.240883,0.248601
id02133,0.529974,0.362916,0.10711
id03441,0.600035,0.202295,0.19767
id02398,0.462325,0.460383,0.077293
id05152,0.112577,0.112577,0.774846
id17838,0.513686,0.387449,0.0988652
id25060,0.238922,0.641139,0.119939
id09998,0.479146,0.377179,0.143675
id01828,0.401175,0.440083,0.158741
id25377,0.329227,0.457213,0.21356
id22175,0.470563,0.447728,0.0817094
id02974,0.260661,0.260661,0.478677
id26955,0.497919,0.424886,0.0771953
id21091,0.451506,0.447514,0.10098
id12802,0.421179,0.524469,0.0543521
id07432,0.420783,0.512813,0.0664044
id18749,0.573151,0.327342,0.0995066
id15030,0.053591,0.053591,0.892818
id17155,0.537128,0.381821,0.0810517
id08128,0.515364,0.399503,0.0851327
id25706,0.472436,0.459112,0.0684518
id15645,0.604037,0.324928,0.0710355
id04943,0.288795,0.59953,0.111675
id27566,0.347062,0.509024,0.143914
id11765,0.546792,0.363106,0.090102
id13783,0.312495,0.478051,0.209454
id00492,0.372149,0.370279,0.257572
id27636,0.28405,0.223241,0.492708
id04273,0.329071,0.518613,0.152316
id02537,0.415367,0.103515,0.481118
id24349,0.552624,0.354905,0.0924715
id00023,0.32856,0.485326,0.186114
id23025,0.404059,0.492637,0.103304
id08722,0.57151,0.331287,0.0972036
id02420,0.376983,0.537007,0.0860095
id10811,0.531581,0.393866,0.0745534
id04019,0.55998,0.319009,0.121011
id18334,0.735136,0.19717,0.0676946
id16781,0.70645,0.146813,0.146737
id08773,0.617209,0.335111,0.0476797
id19214,0.474997,0.441465,0.0835382
id09589,0.114661,0.856255,0.0290838
id24246,0.480147,0.459347,0.060506
id23577,0.628967,0.29719,0.0738432
id09305,0.636471,0.193326,0.170203
id16460,0.57225,0.259242,0.168508
id21115,0.577011,0.292652,0.130336
id25996,0.708297,0.201238,0.0904654
id02551,0.361643,0.423387,0.21497
id19352,0.0616736,0.0616736,0.876653
id03806,0.173773,0.173773,0.652454
id26544,0.455501,0.386613,0.157886
id18761,0.417687,0.44587,0.136443
id24148,0.339271,0.546462,0.114267
id16095,0.42208,0.423006,0.154915
id18442,0.561443,0.386674,0.0518828
id22596,0.0265494,0.0265494,0.946901
id23002,0.56242,0.322098,0.115482
id04797,0.586647,0.361526,0.0518265
id06610,0.513044,0.400256,0.0866993
id16173,0.568753,0.211916,0.21933
id18292,0.175928,0.175928,0.648144
id27328,0.63145,0.294206,0.0743442
id01695,0.365322,0.532576,0.102102
id05761,0.379271,0.362007,0.258721
id16354,0.479848,0.263176,0.256976
id12207,0.328344,0.488696,0.18296
id05665,0.472425,0.444121,0.0834546
id01911,0.623429,0.303365,0.0732067
id19153,0.23043,0.176593,0.592977
id10295,0.38713,0.491143,0.121727
id23038,0.346441,0.169286,0.484273
id23783,0.572963,0.355057,0.0719798
id27879,0.588057,0.350464,0.061479
id19190,0.56761,0.355729,0.0766609
id05065,0.327126,0.345749,0.327126
id21296,0.480037,0.427679,0.0922847
id13262,0.141561,0.141561,0.716878
id10333,0.454166,0.427272,0.118562
id16677,0.603617,0.320917,0.0754653
id01392,0.500558,0.276924,0.222518
id27874,0.651618,0.278817,0.069565
id02294,0.60062,0.167283,0.232097
id18298,0.466752,0.316198,0.21705
id06997,0.534943,0.379368,0.0856892
id05243,0.550209,0.296452,0.153339
id00860,0.378908,0.499278,0.121814
id26681,0.331794,0.510841,0.157365
id06020,0.546053,0.351372,0.102575
id27683,0.467067,0.343569,0.189364
id17655,0.616791,0.324481,0.058728
id08817,0.251968,0.249411,0.498621
id11512,0.142264,0.142264,0.715473
id00478,0.455462,0.368622,0.175916
id02116,0.55277,0.35223,0.0950008
id06746,0.333902,0.292249,0.373849
id03863,0.523699,0.178778,0.297523
id01802,0.275334,0.275334,0.449333
id11682,0.204444,0.204444,0.591112
id04033,0.430108,0.490095,0.079797
id09286,0.296914,0.406172,0.296914
id12904,0.602958,0.288184,0.108858
id07420,0.144858,0.144858,0.710283
id22398,0.316733,0.606564,0.0767028
id00424,0.204103,0.204103,0.591794
id20960,0.518098,0.394372,0.0875305
id10267,0.117859,0.843671,0.0384695
id19330,0.49286,0.372613,0.134527
id00994,0.332035,0.517906,0.150059
id10785,0.653688,0.277589,0.068722
id00955,0.479401,0.334341,0.186259
id09757,0.328725,0.463097,0.208178
id10030,0.188757,0.178124,0.633119
id22952,0.469407,0.327269,0.203324
id21955,0.241065,0.241065,0.517871
id07674,0.1906,0.695875,0.113525
id13760,0.546438,0.390767,0.0627947
id18166,0.539834,0.370584,0.0895819
id23498,0.50331,0.419867,0.0768232
id05296,0.540099,0.314846,0.145055
id26709,0.335944,0.47133,0.192726
id02853,0.60404,0.335822,0.0601372
id06800,0.529239,0.199385,0.271376
id14758,0.599715,0.352648,0.047637
id12356,0.651512,0.302736,0.0457519
id21492,0.575709,0.357294,0.0669967
id27540,0.628873,0.314473,0.0566533
id07376,0.253733,0.253733,0.492534
id15201,0.449857,0.384385,0.165758
id23388,0.492374,0.381164,0.126463
id13923,0.0906551,0.841866,0.0674789
id00794,0.391521,0.510761,0.0977174
id23910,0.478078,0.343681,0.178241
id02556,0.355349,0.270426,0.374225
id22151,0.579655,0.321015,0.0993295
id11698,0.586219,0.203486,0.210295
id11627,0.59949,0.309079,0.0914312
id06340,0.475215,0.433241,0.0915444
id05123,0.675053,0.214999,0.109948
id26620,0.0965016,0.0965016,0.806997
id04002,0.165367,0.165367,0.669267
id26554,0.359942,0.341248,0.29881
id18012,0.33112,0.33112,0.337759
id12964,0.0754685,0.0754685,0.849063
id18965,0.197844,0.197063,0.605093
id19082,0.251479,0.251479,0.497042
id26742,0.0953417,0.0953417,0.809317
id15442,0.516848,0.375534,0.107618
id16647,0.472848,0.202339,0.324813
id11544,0.436159,0.426364,0.137477
id20581,0.342286,0.190258,0.467456
id13192,0.640686,0.311193,0.0481208
id15814,0.158239,0.158239,0.683523
id26279,0.397585,0.518176,0.0842392
id00240,0.628206,0.215161,0.156633
id22836,0.655188,0.284086,0.0607254
id15085,0.327809,0.377381,0.29481
id17495,0.589968,0.238823,0.171209
id26762,0.21233,0.21233,0.57534
id13685,0.642871,0.296962,0.0601679
id16560,0.501436,0.438906,0.0596581
id17184,0.435882,0.415497,0.148622
id21635,0.653963,0.292998,0.0530392
id26751,0.397645,0.291293,0.311062
id12351,0.553988,0.387563,0.0584495
id14872,0.635046,0.293384,0.0715697
id18372,0.719403,0.237611,0.0429869
id26851,0.410918,0.326559,0.262523
id22659,0.596667,0.299478,0.103855
id04102,0.5351,0.301143,0.163757
id02353,0.333227,0.518915,0.147859
id26721,0.385872,0.545185,0.0689427
id11171,0.558596,0.364302,0.0771015
id13562,0.680271,0.157611,0.162119
id26425,0.541586,0.342587,0.115826
id26394,0.557302,0.283982,0.158716
id22187,0.712289,0.157275,0.130436
id00422,0.587716,0.341136,0.0711484
id22667,0.499735,0.433917,0.0663486
id00911,0.592485,0.294484,0.113031
id17291,0.424525,0.396402,0.179073
id01915,0.332308,0.509864,0.157828
id01434,0.381199,0.185394,0.433408
id01584,0.712281,0.154448,0.133271
id09266,0.523945,0.389443,0.086612
id17494,0.328092,0.399613,0.272295
id24919,0.613503,0.160171,0.226326
id21043,0.0448853,0.0448853,0.910229
id17796,0.563056,0.32982,0.107124
id02166,0.294888,0.294888,0.410223
id17503,0.447536,0.465314,0.0871494
id21203,0.644527,0.212053,0.143419
id25626,0.637823,0.314655,0.0475225
id09836,0.516144,0.416681,0.0671744
id24202,0.413473,0.341449,0.245078
id27260,0.430127,0.344147,0.225726
id23167,0.241243,0.241243,0.517514
id10393,0.109424,0.859604,0.0309725
id01171,0.544058,0.367444,0.0884977
id06380,0.437893,0.440311,0.121796
id22686,0.429041,0.477473,0.0934869
id26250,0.694804,0.242698,0.0624979
id09315,0.474027,0.396552,0.12942
id00886,0.391645,0.473991,0.134364
id03101,0.514312,0.412428,0.0732594
id12367,0.670485,0.272136,0.0573793
id10770,0.616866,0.311239,0.0718944
id14949,0.577065,0.247789,0.175146
id14141,0.600382,0.350532,0.0490857
id25417,0.384039,0.497414,0.118547
id26873,0.619175,0.308895,0.0719307
id10818,0.292895,0.292895,0.414209
id15146,0.566045,0.27982,0.154135
id23328,0.544437,0.382191,0.0733727
id16765,0.426098,0.450472,0.123429
id24383,0.574004,0.362153,0.0638431
id21304,0.624596,0.325102,0.0503024
id12551,0.321488,0.546295,0.132217
id23274,0.499015,0.281491,0.219493
id08117,0.564962,0.352227,0.0828114
id23961,0.629341,0.297291,0.0733683
id13865,0.475232,0.417453,0.107314
id22807,0.542096,0.22762,0.230284
id08951,0.511652,0.196348,0.292
id18684,0.621642,0.316282,0.0620753
id25179,0.327702,0.347359,0.324939
id27033,0.692011,0.179427,0.128562
id13977,0.46766,0.353684,0.178656
id19337,0.505946,0.369655,0.124399
id25764,0.539203,0.399511,0.0612865
id16106,0.496993,0.413261,0.0897463
id05468,0.413909,0.395144,0.190946
id05241,0.410831,0.194539,0.394631
id10215,0.447606,0.320971,0.231422
id23457,0.561656,0.346848,0.0914968
id02200,0.420036,0.465363,0.1146
id13714,0.419274,0.493774,0.0869523
id20332,0.0743855,0.0743855,0.851229
id18573,0.234162,0.234162,0.531677
id08569,0.614148,0.304673,0.0811786
id22767,0.367709,0.53432,0.0979715
id25390,0.341239,0.479476,0.179285
id09288,0.426303,0.498974,0.0747233
id12381,0.499768,0.438233,0.0619991
id02895,0.185013,0.185013,0.629973
id25270,0.119216,0.119216,0.761569
id14248,0.478522,0.169134,0.352345
id12831,0.595028,0.246349,0.158623
id18305,0.547319,0.25935,0.193331
id07805,0.349617,0.536373,0.11401
id14027,0.418683,0.445302,0.136015
id02760,0.675185,0.227312,0.0975036
id24362,0.614264,0.305543,0.0801934
id17065,0.512795,0.401205,0.0859997
id26583,0.38556,0.51824,0.0962
id19664,0.432582,0.477836,0.0895827
id25145,0.673586,0.174143,0.152271
id17858,0.490565,0.34457,0.164865
id05148,0.429271,0.40015,0.170579
id22928,0.581178,0.344996,0.0738264
id21549,0.372532,0.443332,0.184136
id12649,0.584133,0.36051,0.0553562
id21597,0.64281,0.284528,0.0726613
id27945,0.438744,0.248917,0.312339
id00243,0.571476,0.376879,0.0516454
id02745,0.525567,0.408004,0.0664284
id23550,0.57816,0.269691,0.152149
id13023,0.583779,0.288352,0.127869
id24796,0.513176,0.382948,0.103876
id12284,0.340854,0.514935,0.144211
id02664,0.479439,0.321928,0.198633
id23767,0.371439,0.484386,0.144175
id05859,0.390861,0.41837,0.19077
id14350,0.385785,0.469436,0.144779
id01191,0.0659251,0.0659251,0.86815
id17034,0.572485,0.346459,0.081056
id25292,0.472701,0.452205,0.0750942
id22121,0.490901,0.438317,0.0707822
id20872,0.692922,0.190718,0.11636
id17720,0.31241,0.558432,0.129158
id22658,0.443662,0.475836,0.0805021
id09567,0.371305,0.556137,0.072558
id16445,0.673825,0.20931,0.116865
id08349,0.0578798,0.0578798,0.88424
id27437,0.449089,0.417821,0.13309
id03812,0.444188,0.419943,0.135869
id22304,0.479254,0.246282,0.274464
id04449,0.365445,0.455405,0.17915
id15605,0.285635,0.285635,0.42873
id01768,0.662722,0.283877,0.0534007
id20019,0.566861,0.281259,0.15188
id09593,0.45632,0.425405,0.118275
id23179,0.167819,0.167819,0.664362
id21279,0.563589,0.376587,0.0598238
id06711,0.199857,0.199857,0.600285
id14243,0.427202,0.434189,0.138609
id04839,0.341832,0.107012,0.551156
id17220,0.661895,0.295841,0.0422644
id24177,0.610095,0.340886,0.0490189
id20512,0.165953,0.160804,0.673243
id14036,0.345955,0.520692,0.133352
id25001,0.462242,0.349004,0.188755
id06175,0.450882,0.433368,0.11575
id24720,0.519211,0.42149,0.0592993
id08070,0.516833,0.362294,0.120873
id18934,0.56895,0.359575,0.0714747
id01338,0.675845,0.257138,0.0670169
id19008,0.403992,0.46329,0.132719
id19632,0.555076,0.386499,0.0584253
id26224,0.162963,0.162963,0.674074
id08219,0.526771,0.272606,0.200624
id24008,0.217713,0.217713,0.564575
id12475,0.523049,0.394179,0.0827721
id05766,0.621029,0.284444,0.0945278
id27386,0.512638,0.384194,0.103168
id12476,0.425543,0.44225,0.132207
id08311,0.497293,0.42272,0.0799871
id04996,0.598303,0.334149,0.0675479
id17350,0.511951,0.378223,0.109826
id05546,0.46627,0.47842,0.0553102
id16504,0.242402,0.242402,0.515196
id05782,0.0206071,0.0206071,0.958786
id20560,0.625684,0.2503,0.124015
id14171,0.122792,0.122792,0.754417
id27461,0.199163,0.163597,0.637241
id03581,0.285589,0.128993,0.585418
id21847,0.0625367,0.0625367,0.874927
id11712,0.575526,0.344175,0.0802996
id26738,0.130569,0.130569,0.738862
id13668,0.368065,0.556653,0.0752817
id15114,0.571942,0.360891,0.0671665
id20130,0.610734,0.20741,0.181855
id18331,0.590247,0.332655,0.0770979
id24465,0.586474,0.368387,0.0451381
id13539,0.660062,0.273345,0.0665935
id27564,0.391874,0.523359,0.0847673
id26043,0.612172,0.230223,0.157605
id04965,0.547519,0.160721,0.29176
id08645,0.504503,0.332821,0.162677
id26610,0.518866,0.14693,0.334203
id21737,0.676131,0.248981,0.0748885
id25784,0.536076,0.389088,0.0748368
id23030,0.553235,0.370184,0.0765806
id16450,0.427317,0.496831,0.0758522
id02161,0.492941,0.376008,0.131051
id25535,0.306263,0.400515,0.293222
id16566,0.528049,0.379685,0.0922661
id05714,0.509062,0.428108,0.0628303
id16524,0.482355,0.420105,0.0975395
id23941,0.382701,0.375369,0.24193
id00831,0.447986,0.403567,0.148448
id18145,0.277477,0.277477,0.445047
id17227,0.609713,0.309365,0.0809222
id09417,0.352976,0.110239,0.536785
id21307,0.607975,0.276056,0.115969
id05650,0.346231,0.565392,0.0883774
id23901,0.677006,0.233102,0.0898921
id05831,0.2722,0.2722,0.4556
id16708,0.549969,0.365753,0.0842776
id02281,0.118802,0.118802,0.762395
id11599,0.615242,0.259037,0.125721
id18353,0.181919,0.181919,0.636162
id07413,0.380603,0.494305,0.125092
id15653,0.545104,0.342027,0.112869
id09715,0.448514,0.417007,0.134479
id05108,0.488708,0.437968,0.0733246
id09537,0.407487,0.288962,0.303551
id27596,0.631139,0.303562,0.0652989
id24255,0.289242,0.289242,0.421517
id05080,0.142393,0.142393,0.715214
id09484,0.590817,0.27291,0.136273
id14864,0.516185,0.131344,0.352471
id26836,0.567523,0.164398,0.268079
id07003,0.568456,0.374516,0.057028
id13750,0.325692,0.612074,0.0622336
id21799,0.318699,0.505721,0.17558
id11285,0.688442,0.260473,0.0510844
id04735,0.398009,0.526361,0.0756294
id23049,0.0382113,0.0382113,0.923577
id05826,0.51028,0.383496,0.106224
id17916,0.472967,0.442591,0.0844416
id14081,0.329036,0.19156,0.479404
id10527,0.199087,0.199087,0.601826
id16059,0.274089,0.274089,0.451821
id25542,0.552952,0.388082,0.0589664
id05402,0.306437,0.154739,0.538824
id01927,0.546045,0.340054,0.113901
id27656,0.433616,0.487676,0.0787081
id06708,0.358487,0.42462,0.216893
id03524,0.492249,0.33952,0.168231
id12297,0.396646,0.50309,0.100263
id03439,0.617775,0.325708,0.0565173
id04587,0.472806,0.449788,0.0774064
id25470,0.593826,0.347038,0.0591367
id01212,0.481064,0.441898,0.0770385
id13932,0.430379,0.43559,0.134031
id00124,0.204739,0.204739,0.590523
id01592,0.273264,0.273264,0.453472
id13461,0.60234,0.2477,0.149961
id24681,0.406881,0.532888,0.0602309
id23245,0.212217,0.162471,0.625312
id14073,0.507678,0.336198,0.156125
id05172,0.40618,0.401279,0.192541
id21979,0.557503,0.375314,0.0671825
id00328,0.607158,0.312787,0.0800547
id26102,0.619056,0.321691,0.0592528
id14867,0.0716492,0.0716492,0.856701
id27544,0.463587,0.4231,0.113314
id16228,0.392928,0.4772,0.129872
id16342,0.440358,0.431184,0.128458
id24933,0.466382,0.467668,0.0659505
id04601,0.400228,0.440918,0.158854
id01599,0.379571,0.4928,0.127629
id06238,0.604526,0.318347,0.0771271
id06826,0.420752,0.413455,0.165793
id23307,0.540073,0.420371,0.0395556
id13575,0.572519,0.271656,0.155825
id24174,0.216706,0.216706,0.566589
id19534,0.52001,0.215115,0.264875
id19602,0.333333,0.333333,0.333333
id26962,0.501819,0.286349,0.211832
id04448,0.422699,0.491592,0.085709
id09786,0.529434,0.292654,0.177912
id25240,0.580073,0.300479,0.119448
id14893,0.570196,0.374177,0.0556273
id24221,0.334074,0.557343,0.108583
id04696,0.456886,0.309652,0.233462
id15153,0.399333,0.544648,0.0560186
id13882,0.464732,0.480284,0.0549844
id17836,0.391418,0.519311,0.0892709
id00574,0.57195,0.354546,0.0735038
id02078,0.529835,0.37043,0.099735
id21206,0.454834,0.424838,0.120329
id20084,0.444812,0.452567,0.10262
id26598,0.542533,0.302977,0.154491
id06838,0.421748,0.213683,0.364569
id08786,0.227275,0.156107,0.616618
id09550,0.316344,0.419498,0.264157
id10206,0.700818,0.252608,0.046574
id21113,0.324079,0.324079,0.351842
id21151,0.48459,0.433903,0.0815064
id02692,0.512149,0.381259,0.106592
id26446,0.650141,0.204738,0.14512
id07377,0.612669,0.310983,0.0763485
id15998,0.555562,0.318178,0.126261
id19637,0.313655,0.611943,0.0744022
id19735,0.519035,0.320798,0.160166
id13739,0.491762,0.394616,0.113622
id25175,0.39652,0.421134,0.182346
id00563,0.575957,0.249717,0.174325
id09982,0.459733,0.350083,0.190184
id15459,0.599535,0.338977,0.0614888
id20785,0.0500901,0.0500901,0.89982
id07145,0.197351,0.197351,0.605298
id22204,0.457982,0.423538,0.118479
id09285,0.581653,0.262018,0.156328
id18157,0.473761,0.277563,0.248676
id12134,0.383177,0.426836,0.189987
id23914,0.638627,0.318563,0.0428096
id10483,0.611211,0.325719,0.0630699
id07092,0.654109,0.206395,0.139495
id14786,0.484348,0.314061,0.201591
id25741,0.675209,0.24035,0.084441
id09050,0.482767,0.431613,0.0856201
id04938,0.600837,0.292948,0.106215
id05901,0.616541,0.321301,0.0621582
id16975,0.490186,0.413763,0.0960514
id08547,0.485807,0.364476,0.149717
id16355,0.323722,0.542891,0.133387
id14568,0.395802,0.258877,0.345321
id25599,0.419568,0.452598,0.127834
id01670,0.323629,0.323629,0.352741
id23945,0.511948,0.376715,0.111337
id17394,0.16578,0.16578,0.66844
id06501,0.5531,0.120373,0.326527
id26234,0.444283,0.434684,0.121034
id21280,0.122048,0.122048,0.755904
id20048,0.165108,0.165108,0.669784
id01216,0.188917,0.188917,0.622166
id25320,0.395228,0.253393,0.351379
id22833,0.587938,0.334956,0.0771061
id22056,0.687271,0.179952,0.132777
id02275,0.229196,0.229196,0.541607
id26127,0.53214,0.354509,0.113352
id17011,0.641394,0.286459,0.0721475
id13847,0.544842,0.174735,0.280424
id00013,0.423573,0.433504,0.142924
id16463,0.461816,0.41068,0.127504
id04845,0.260538,0.624867,0.114595
id01787,0.49851,0.433081,0.0684091
id08637,0.474988,0.434033,0.0909794
id11414,0.469179,0.105577,0.425244
id13177,0.48037,0.170424,0.349206
id24517,0.59165,0.321923,0.086427
id26838,0.26054,0.248801,0.490659
id23081,0.333333,0.333333,0.333333
id16327,0.325659,0.348682,0.325659
id27282,0.383902,0.522152,0.0939457
id07489,0.33094,0.33094,0.33812
id01718,0.0390858,0.0390858,0.921828
id15441,0.643006,0.164222,0.192772
id27736,0.521553,0.37149,0.106956
id16324,0.487912,0.393551,0.118537
id12027,0.44455,0.262227,0.293224
id24653,0.52605,0.386885,0.0870649
id17541,0.180209,0.180209,0.639582
id22406,0.366982,0.334963,0.298055
id18356,0.598883,0.330249,0.0708672
id04505,0.67418,0.14939,0.17643
id04246,0.582336,0.177887,0.239777
id07368,0.385118,0.377918,0.236965
id26185,0.062289,0.062289,0.875422
id08878,0.243854,0.243854,0.512292
id27691,0.0303131,0.0303131,0.939374
id18004,0.624624,0.250667,0.124709
id24426,0.347255,0.515322,0.137423
id14164,0.627247,0.275896,0.0968572
id12653,0.318608,0.403183,0.278209
id18060,0.390819,0.5005,0.108681
id18556,0.6432,0.250666,0.106134
id27371,0.190876,0.720202,0.088922
id11989,0.147852,0.147852,0.704297
id26095,0.427583,0.469811,0.102605
id24978,0.41957,0.280524,0.299906
id20322,0.107897,0.107897,0.784207
id01954,0.406244,0.4787,0.115056
id07434,0.312809,0.100683,0.586507
id18144,0.0892182,0.0892182,0.821564
id16250,0.413622,0.436504,0.149874
id17793,0.282918,0.282918,0.434163
id24067,0.265521,0.314939,0.419541
id13891,0.0403451,0.0403451,0.91931
id07334,0.171118,0.761811,0.0670708
id15633,0.441781,0.262403,0.295815
id23239,0.305326,0.251894,0.44278
id10674,0.330389,0.330389,0.339222
id22093,0.641015,0.156387,0.202598
id08444,0.482236,0.339453,0.178311
id03257,0.218531,0.218531,0.562938
id10040,0.397658,0.454096,0.148246
id04902,0.0753831,0.0753831,0.849234
id01219,0.596507,0.211884,0.191609
id01340,0.739067,0.18568,0.0752533
id05117,0.55518,0.380313,0.0645063
id04908,0.369796,0.283379,0.346825
id03626,0.28674,0.28674,0.42652
id01888,0.693429,0.26837,0.0382009
id17199,0.0808401,0.0808401,0.83832
id11200,0.638976,0.161169,0.199855
id27561,0.365173,0.141169,0.493658
id20966,0.609837,0.318626,0.0715363
id10257,0.412297,0.420632,0.167072
id21168,0.463648,0.437439,0.0989128
id23363,0.0448459,0.0448459,0.910308
id05321,0.179634,0.179634,0.640731
id09928,0.182022,0.182022,0.635955
id18015,0.496194,0.438305,0.0655006
id02082,0.566499,0.36178,0.0717215
id19279,0.487195,0.435259,0.077546
id08541,0.136787,0.815839,0.0473744
id15249,0.280712,0.583817,0.135471
id03609,0.363847,0.565586,0.0705668
id22902,0.498968,0.327839,0.173193
id17733,0.534538,0.398464,0.0669987
id07554,0.0726577,0.0726577,0.854685
id14120,0.344746,0.503808,0.151446
id21802,0.569801,0.383628,0.0465703
id15614,0.398264,0.477989,0.123747
id19437,0.0462138,0.0462138,0.907572
id22698,0.63184,0.272932,0.095228
id21841,0.324123,0.530764,0.145113
id16177,0.570901,0.356705,0.0723938
id15887,0.444782,0.454954,0.100265
id22629,0.511046,0.215287,0.273667
id10346,0.658396,0.243786,0.0978179
id05154,0.516413,0.39025,0.0933377
id22913,0.689359,0.224878,0.0857626
id10544,0.302333,0.302333,0.395333
id08703,0.497678,0.438089,0.0642327
id12817,0.510349,0.113658,0.375993
id25433,0.48904,0.443723,0.0672375
id25112,0.0542053,0.0542053,0.891589
id05054,0.250459,0.250459,0.499082
id02311,0.49196,0.445652,0.0623878
id22160,0.404709,0.430946,0.164345
id17422,0.450479,0.460723,0.088798
id18985,0.58315,0.31816,0.0986896
id21905,0.339801,0.330099,0.330099
id17474,0.458421,0.476348,0.0652307
id15236,0.424816,0.507302,0.0678825
id13964,0.592542,0.327405,0.0800531
id15962,0.439283,0.471851,0.088866
id20866,0.401875,0.446709,0.151416
id06625,0.508225,0.31601,0.175765
id09793,0.545211,0.361906,0.0928838
id17365,0.44466,0.437214,0.118126
id18463,0.431797,0.474651,0.093552
id20693,0.333333,0.333333,0.333333
id08785,0.257493,0.257493,0.485013
id06783,0.467295,0.458389,0.0743162
id23178,0.206907,0.206907,0.586185
id13513,0.361817,0.451442,0.186741
id25361,0.0927201,0.0927201,0.81456
id22319,0.173081,0.173081,0.653839
id14024,0.648046,0.240539,0.111416
id24186,0.516913,0.39568,0.087407
id20965,0.652677,0.292002,0.0553202
id06242,0.559521,0.171815,0.268663
id25665,0.45104,0.383114,0.165846
id09706,0.385338,0.501963,0.112699
id11026,0.46879,0.374626,0.156584
id04223,0.559566,0.375395,0.0650395
id19674,0.316291,0.591249,0.0924607
id23420,0.324398,0.324398,0.351205
id18059,0.565747,0.287994,0.146259
id22576,0.508299,0.422912,0.0687888
id18495,0.361642,0.38081,0.257548
id14139,0.406941,0.394999,0.19806
id18313,0.501667,0.254268,0.244065
id27356,0.375136,0.392669,0.232194
id16035,0.286766,0.509552,0.203682
id04182,0.383807,0.521663,0.09453
id15667,0.414981,0.521395,0.0636235
id08713,0.497187,0.409138,0.0936755
id25563,0.359621,0.504299,0.13608
id17023,0.535467,0.399417,0.0651166
id03014,0.515493,0.395335,0.0891713
id23812,0.576057,0.256776,0.167167
id20057,0.4628,0.326074,0.211125
id12385,0.627311,0.291708,0.0809809
id24416,0.402707,0.455279,0.142014
id15672,0.311686,0.562723,0.125591
id13868,0.458497,0.437335,0.104168
id21095,0.257994,0.247709,0.494297
id05305,0.393683,0.139469,0.466848
id15384,0.468374,0.297628,0.233998
id14049,0.140911,0.140911,0.718178
id23441,0.502784,0.427322,0.0698936
id12856,0.27146,0.27146,0.45708
id16055,0.276279,0.276279,0.447443
id24771,0.55303,0.380378,0.0665915
id14053,0.507524,0.373638,0.118838
id19547,0.243037,0.243037,0.513927
id03639,0.457469,0.437671,0.10486
id14546,0.450824,0.407748,0.141428
id13935,0.451541,0.474795,0.0736646
id20335,0.62149,0.232505,0.146004
id07301,0.288234,0.2075,0.504266
id10186,0.559669,0.355949,0.0843814
id00192,0.34292,0.585945,0.0711357
id17851,0.253292,0.608229,0.138479
id08403,0.238444,0.238444,0.523112
id06183,0.433501,0.482269,0.0842296
id24738,0.352122,0.393197,0.254681
id15112,0.636057,0.164204,0.199738
id19819,0.394964,0.472567,0.132469
id17722,0.333333,0.333333,0.333333
id24273,0.176563,0.164663,0.658774
id18939,0.0737346,0.0737346,0.852531
id16076,0.500135,0.428877,0.0709876
id23158,0.0589691,0.0589691,0.882062
id12745,0.504443,0.138161,0.357396
id22538,0.399514,0.381677,0.218809
id14975,0.664549,0.272798,0.0626528
id27537,0.517084,0.334032,0.148884
id06632,0.176623,0.176623,0.646754
id08100,0.509193,0.432142,0.0586644
id00843,0.20443,0.751574,0.0439956
id22159,0.119279,0.119279,0.761442
id18672,0.496942,0.218694,0.284364
id06916,0.434854,0.467849,0.0972975
id22212,0.539846,0.381211,0.0789432
id00273,0.0793781,0.0793781,0.841244
id26325,0.581939,0.351887,0.0661748
id23683,0.530666,0.406134,0.0632002
id14419,0.401189,0.462131,0.13668
id11931,0.108469,0.867228,0.0243024
id00568,0.486235,0.396511,0.117254
id12271,0.520863,0.405388,0.0737492
id12622,0.526841,0.405069,0.0680902
id03156,0.334744,0.436137,0.229119
id25592,0.586677,0.363808,0.0495153
id24367,0.458331,0.413723,0.127946
id16007,0.277849,0.607162,0.114989
id04785,0.654642,0.144988,0.20037
id07888,0.564032,0.325663,0.110305
id13557,0.472222,0.472488,0.0552896
id20726,0.634432,0.247869,0.117698
id09580,0.528009,0.367095,0.104896
id05173,0.52063,0.394031,0.0853389
id10394,0.486279,0.418804,0.0949174
id03926,0.373462,0.476389,0.15015
id07264,0.593994,0.345201,0.0608046
id01862,0.530508,0.406254,0.0632377
id20808,0.436928,0.499539,0.0635332
id26658,0.521458,0.31895,0.159592
id04479,0.457209,0.44091,0.101882
id17445,0.428123,0.465139,0.106738
id04430,0.434659,0.380793,0.184547
id06052,0.498481,0.39466,0.106859
id11485,0.607275,0.273175,0.11955
id13060,0.592351,0.273269,0.13438
id20873,0.531392,0.251826,0.216782
id21927,0.586295,0.351993,0.061712
id02736,0.508523,0.287905,0.203572
id11234,0.396155,0.297794,0.306051
id27894,0.549231,0.370734,0.0800357
id23208,0.405204,0.494937,0.099859
id18470,0.521956,0.196886,0.281158
id23172,0.423954,0.377257,0.198789
id08752,0.433813,0.306836,0.259351
id14242,0.466701,0.431541,0.101758
id22908,0.517474,0.344253,0.138274
id17454,0.518627,0.354017,0.127356
id23797,0.665931,0.199365,0.134704
id03788,0.561578,0.231056,0.207366
id23682,0.604228,0.287832,0.10794
id07179,0.519763,0.40099,0.0792472
id09746,0.239671,0.56376,0.196569
id26613,0.247107,0.158891,0.594002
id05142,0.503984,0.439665,0.056351
id04825,0.365996,0.499088,0.134916
id13691,0.594058,0.131008,0.274934
id14183,0.126872,0.126872,0.746255
id19519,0.0372971,0.0372971,0.925406
id26685,0.352001,0.162943,0.485056
id07937,0.383608,0.44673,0.169662
id10574,0.340976,0.543288,0.115736
id15310,0.355376,0.557701,0.0869229
id27311,0.11278,0.11278,0.77444
id11590,0.499904,0.404649,0.0954465
id19798,0.24678,0.506441,0.24678
id12201,0.447026,0.294941,0.258032
id12460,0.235465,0.235465,0.529069
id12019,0.514107,0.433625,0.0522686
id08046,0.275715,0.275715,0.448569
id02989,0.252115,0.182261,0.565624
id26905,0.189378,0.189378,0.621245
id09779,0.632238,0.296699,0.0710633
id04359,0.473167,0.443546,0.0832876
id01526,0.634953,0.311374,0.0536724
id22325,0.282774,0.615823,0.101403
id27878,0.553432,0.380164,0.0664041
id06413,0.368223,0.547928,0.0838486
id12616,0.567199,0.261095,0.171706
id05301,0.422435,0.439559,0.138006
id13258,0.519321,0.143506,0.337173
id08789,0.264967,0.264967,0.470066
